1398 15714 10000 93
14 4228
15 5598
78 9544
91 8436
106 4618
169 2778
210 2801
227 6622
361 8044
417 2494
422 1016
461 250
485 8874
575 4108
627 9353
783 6598
803 3951
860 6404
888 2623
930 8567
939 7521
987 6033
1009 2937
1206 993
1280 3854
1435 8355
1542 350
1653 2362
1700 3168
1783 1103
1837 3558
1893 503
1898 321
1986 1159
1992 4189
2086 1092
2094 9444
2100 1797
2113 7689
2114 9484
2143 8398
2159 1846
2168 7566
2241 5954
2253 7647
2297 7201
2769 8833
2842 341
2919 1009
3190 8686
3318 7884
3325 7858
3539 1523
3628 1192
3737 4311
3759 562
3786 43
4012 8841
4203 6055
4327 1009
4422 7131
4505 930
4547 8668
4651 3650
4907 5775
4979 2783
5010 9692
5023 4423
5050 3980
5087 5592
5141 4284
5148 9987
5194 3918
5256 7755
5274 363
5304 6312
5315 3406
5387 2354
5444 4117
5536 7060
5594 2349
5638 9184
5645 9437
5663 186
5721 2097
5724 3863
5774 622
5811 9455
5818 1585
5874 1782
5954 5085
6043 7098
6173 5963
6177 84
6314 3509
6326 2172
6473 4728
6481 7868
6484 2786
6550 3376
6655 4253
6693 4859
6794 5773
6834 5895
6875 1627
7016 8830
7019 5801
7040 3511
7076 5464
7142 739
7168 7581
7399 122
7440 1580
7635 6369
7653 5246
7796 6772
7844 7774
7868 7635
7902 2036
7904 3543
7994 3838
8302 4068
8346 4366
8357 7022
8406 4496
8411 4343
8486 6248
8626 5952
8662 499
8690 2688
8699 6134
8760 5365
8792 5772
8806 9707
8820 1449
8828 1624
8831 2219
8860 2019
8904 1167
9000 9727
9120 8691
9140 5101
9173 4700
9346 4537
9357 7193
9372 7209
9384 3158
9413 363
9623 1721
9667 8598
9692 9598
9695 9331
9735 7029
9946 105
10119 7916
10167 7155
10205 8972
10269 4921
10403 8460
10467 2267
10474 5632
10511 306
10539 800
10585 9875
10615 1165
10702 2664
10745 1271
10774 4108
10854 8777
10884 3232
10890 9470
10974 7745
11001 4677
11017 5395
11030 4541
11062 6796
11087 2931
11133 8374
11143 5621
11153 6380
11296 5077
11299 6700
11403 1914
11451 6051
11474 5789
11488 259
11516 4855
11525 1335
11557 2189
11581 8111
11591 226
11690 9171
11713 2655
11743 9800
11976 8148
12103 5414
12244 6660
12250 8343
12289 4740
12341 1342
12671 1099
12673 3201
12720 2554
12953 8758
13033 8395
13050 3502
13095 2354
13201 1457
13211 8419
13280 3043
13325 3280
13375 3720
13434 9698
13449 3079
13508 7489
13576 6988
13803 2962
13815 6398
14055 136
14119 8050
14159 536
14360 2871
14368 2139
14422 2389
14472 858
14529 5149
14692 5958
14920 1535
14986 1232
15023 1699
15046 4418
15067 3958
15125 7233
15132 7591
15151 4906
15173 2420
15174 1021
15398 9650
15454 5165
15595 4136
15735 3945
15783 4220
15841 2847
16111 9616
16155 3362
16165 4345
16309 531
16553 6754
16677 857
16687 5233
16737 2965
16742 8928
16882 1712
16889 3532
16911 1011
17089 6022
17099 7758
17237 3952
17443 8763
17486 4718
17639 2405
17642 3497
17711 6326
17765 1185
17815 1211
17915 3851
18007 4621
18046 7100
18076 1447
18093 7416
18299 3928
18331 5075
18543 6695
18554 2067
18702 6758
18706 739
18733 4487
18753 8101
18761 6897
18780 7702
18931 3515
18948 7426
18962 3939
19122 3828
19155 7935
19347 7094
19717 7896
19832 604
20054 1937
20059 3625
20267 5653
20302 9850
20353 7496
20494 8267
20555 6372
20648 1218
20710 3984
20722 8158
20733 4494
20945 7627
20991 3274
21044 7903
21151 9193
21170 6022
21181 6838
21272 2375
21542 9740
21546 3341
21657 5201
21702 4079
21710 4456
21722 4930
21972 8685
21974 7184
22021 5332
22076 7224
22087 4199
22131 1396
22254 7842
22290 8736
22386 396
22470 9729
22540 3655
22675 2665
22693 4284
22716 1244
22742 2456
22743 7078
22829 6780
22936 2201
22943 7911
23068 7086
23333 5642
23411 1374
23412 5631
23504 2019
23541 4571
23596 970
23638 3236
23663 4991
23734 9880
23824 2821
23826 2515
24148 8459
24209 7747
24223 1777
24263 6759
24274 3829
24279 5421
24348 1903
24497 1651
24574 4502
24628 8801
24661 9006
24676 5337
24683 2959
24795 1384
24887 9535
24933 5799
24974 9983
24996 5907
25036 7680
25238 8910
25343 1606
25366 7471
25527 9497
25558 201
25657 5129
25803 456
25826 3241
25961 8165
25971 678
26008 4532
26056 8224
26266 1894
26319 6444
26358 3493
26637 3320
26832 5578
26988 306
27036 336
27065 7332
27134 4431
27154 7385
27157 5
27211 2556
27282 4539
27294 556
27356 1229
27572 4151
27676 3527
27749 7341
27849 1327
27853 3513
27931 9426
27949 4772
27962 9920
28004 2737
28054 9883
28062 9818
28229 6429
28230 9391
28307 313
28423 6663
28494 5899
28563 2274
28593 5243
28729 5582
28792 6652
28876 52
28941 3892
28956 5698
28967 3487
29009 3488
29207 3066
29215 5683
29239 1986
29323 4593
29455 1003
29514 7282
29569 6271
29616 7985
29668 4683
29790 7803
29848 5545
29904 8180
29912 9599
29941 432
30042 6793
30059 7273
30216 2835
30233 5389
30250 1347
30251 5198
30278 9943
30313 3890
30337 7283
30413 3017
30594 6289
30823 3065
30841 253
30844 6401
30868 9648
30912 7881
30964 3415
30987 883
31180 5056
31340 5691
31379 5058
31482 7745
31594 9224
31825 1262
31958 756
31986 7031
32026 9878
32116 419
32215 8022
32274 8706
32284 8829
32292 8025
32340 2007
32497 4032
32542 6945
32563 6188
32794 1906
32828 4404
32984 9026
32999 3970
33080 2926
33098 9455
33152 6203
33192 7590
33217 4604
33272 5395
33408 1748
33445 2597
33531 8292
33659 8224
33670 6565
33700 10000
33841 5006
33896 3608
33984 3743
34055 8325
34135 2059
34243 2210
34338 4268
34351 5844
34386 5158
34395 1230
34400 1174
34564 3405
34689 9397
34867 6992
35212 5439
35232 9076
35255 3754
35351 6036
35391 2269
35548 2089
35552 3808
35595 8620
35709 3168
35826 4366
35865 4970
35920 7922
35965 4790
36020 9048
36216 1041
36266 8100
36418 2961
36444 6933
36645 3970
36789 6303
36808 5313
36818 161
36855 4290
37016 2803
37041 6820
37042 5332
37330 1828
37339 6898
37356 8729
37639 6939
37647 7527
37660 2745
37663 8623
37726 3220
37943 7198
37986 5761
37991 776
37995 4648
38060 1501
38175 2908
38231 1136
38239 9921
38302 5886
38347 1279
38365 6490
38391 7142
38412 3428
38503 2501
38563 4170
38755 6283
38844 9137
38852 6268
38986 3406
39072 3110
39122 5912
39192 1833
39285 3171
39287 2776
39405 150
39420 5315
39455 7926
39509 3766
39546 1217
39574 9381
39712 2817
39865 6655
39905 1535
40055 3433
40064 930
40111 5642
40165 3769
40223 5659
40267 9372
40289 4678
40300 1194
40426 483
40507 2348
40524 1470
40638 2466
40773 6661
40810 7913
40904 4529
40964 821
41138 844
41216 5242
41287 9606
41375 3336
41446 5149
41527 8386
41531 7118
41733 3680
41754 3762
41845 1667
41862 447
41959 6772
42017 5158
42334 6257
42351 9331
42373 4862
42492 3829
42540 297
42544 4158
42672 9069
42753 4726
42787 3020
42861 5448
42865 8164
42951 7005
43013 2844
43030 4766
43130 892
43146 929
43198 6718
43213 3182
43241 7083
43286 7425
43499 1139
43509 4414
43516 6006
43555 9512
43628 7364
43715 2300
43780 6826
43928 628
43930 6790
44009 5922
44049 7296
44087 6149
44112 1231
44133 5744
44188 207
44226 6787
44279 1634
44285 9669
44312 1793
44364 1640
44373 258
44389 9097
44520 1178
44642 4671
44766 5234
44798 6320
44864 7984
44865 4806
44886 4726
44951 964
44954 6862
45015 6508
45060 9048
45135 8682
45154 7619
45281 293
45334 3555
45419 949
45497 2193
45506 1595
45715 9112
45787 6931
45794 9228
45809 7690
45846 1548
45894 9429
45896 6071
45922 3273
45955 4369
46000 110
46030 339
46033 4628
46054 7441
46120 2058
46243 5784
46248 8883
46265 1842
46319 7772
46346 561
46650 8622
46785 9337
46830 7634
46883 3735
46937 5604
47097 8395
47145 2349
47269 8219
47274 1244
47289 4128
47388 3132
47401 2183
47632 8391
47886 1722
47896 5438
47930 2748
48018 8809
48023 8014
48033 2462
48137 8757
48164 5658
48348 5325
48363 7913
48516 3500
48543 99
48849 5855
48854 5271
48893 7549
48914 3260
48988 8676
49210 3227
49267 2857
49278 4360
49310 4165
49392 4893
49399 2423
49614 2858
49655 1508
49666 6132
49669 7337
49671 9096
49724 1173
49736 8417
49758 1949
49767 153
49778 658
50009 5725
50046 1945
50199 2264
50223 3876
50295 8134
50320 6689
50355 9432
50364 1118
50439 3852
50450 1171
50549 167
50849 9869
50888 2090
50895 2279
50967 3620
50994 1981
51046 5987
51432 233
51457 7627
51485 9057
51592 5502
51663 1447
51721 1865
51888 6866
51966 5468
52173 8254
52289 6798
52505 6216
52606 7162
52710 6711
52779 2751
52859 799
52891 6840
52973 9933
53050 4360
53078 728
53154 2152
53331 3561
53393 479
53421 6178
53595 1043
53706 630
53771 8782
53788 3504
53796 6766
53952 404
53970 2837
54050 3118
54109 2523
54168 3559
54202 8858
54362 3803
54386 5415
54487 5300
54488 8253
54526 2710
54857 9432
54904 8503
55100 6597
55136 6655
55162 5233
55196 7233
55206 4467
55429 7992
55494 9188
55582 3102
55768 6923
55827 8587
55895 6619
55897 6562
55973 2598
56167 2399
56255 4304
56381 581
56385 5243
56399 288
56424 95
56551 8814
56552 1393
56600 9861
56810 1904
56824 6155
56946 210
57142 4365
57178 5379
57213 3907
57235 2627
57322 5689
57328 4146
57377 3825
57431 8511
57681 1532
57959 7342
58026 1212
58096 9499
58119 2345
58124 2409
58191 2757
58280 5802
58312 9984
58314 6870
58334 5423
58487 6217
58875 3574
58906 2928
58954 6650
59072 6443
59100 9114
59191 6103
59234 3654
59266 3529
59496 745
59552 5666
59663 3606
59718 5832
59810 3166
59842 7115
59910 5973
59930 4181
60320 590
60339 3519
60385 6771
60454 7431
60460 6780
60511 9540
60550 4186
60659 6150
60705 9718
60713 7470
60743 7009
60761 1566
60822 2199
60883 2394
60956 5127
61004 5351
61027 6634
61139 7634
61148 4659
61161 819
61173 8439
61347 4365
61372 699
61375 5299
61485 7058
61615 3032
61830 3843
61846 9712
61918 8065
61920 2119
61983 85
62174 9787
62305 1381
62325 9448
62387 4226
62395 6780
62446 5258
62531 2297
62667 2587
62973 5740
63024 6466
63025 349
63038 856
63044 6215
63083 3533
63201 3487
63204 8485
63221 8591
63314 697
63406 2861
63414 9989
63433 8793
63528 4649
63577 2181
63705 6146
63746 2126
63768 9707
63816 6900
64088 7818
64184 1144
64333 7472
64373 3322
64539 3410
64741 6015
64815 1532
64969 1472
65001 7963
65045 5810
65093 2625
65101 1827
65139 9770
65142 4801
65193 1423
65195 4030
65199 6101
65220 8569
65295 3038
65341 5561
65412 1940
65449 9422
65574 5813
65613 2836
65889 9774
66002 2023
66006 9739
66067 3548
66108 9035
66342 1346
66419 3752
66488 1612
66686 7214
66838 3894
66892 6249
66917 9968
66929 5156
66955 1931
67009 9108
67341 3677
67369 3022
67382 6265
67390 8649
67393 9686
67449 7082
67479 7399
67492 5669
67493 2164
67508 3613
67522 5118
67690 3189
67770 4716
67931 6920
67938 8653
68041 2199
68186 147
68299 6750
68306 6566
68488 8179
68579 2998
68680 6284
68730 127
68788 7615
68809 4334
68857 2005
68907 4882
69019 9004
69037 2976
69152 3208
69251 6251
69280 7756
69317 1126
69450 4700
69514 1754
69593 9679
69668 4771
69769 5620
69783 7805
69873 6688
69880 4621
69913 3874
70075 3218
70177 3728
70199 8229
70209 5023
70244 1516
70269 708
70444 8565
70493 7344
70494 565
70543 2840
70627 7837
70696 7986
70754 4160
70755 5231
70768 1965
70782 8322
70897 1559
70901 1033
70976 1668
71065 7539
71107 5013
71126 4760
71134 6171
71174 5832
71205 1572
71271 6096
71334 6319
71419 594
71645 4353
71681 9069
71891 6665
71892 7276
71980 2945
72049 5364
72209 4273
72229 843
72398 6403
72439 3504
72556 2370
72572 3143
72603 2297
72626 3302
72671 5855
72683 1503
72879 1852
72962 9268
72981 1392
73059 7893
73071 3951
73143 9874
73196 7787
73305 4404
73339 9098
73365 9196
73476 1501
73484 1861
73494 6818
73542 2670
73628 5199
73705 8430
73853 8131
74078 9828
74129 7564
74181 8961
74243 2382
74263 9662
74278 5259
74301 9136
74338 8251
74530 1094
74749 6781
74978 7089
74999 4329
75010 4215
75105 1894
75114 6163
75123 9584
75188 172
75354 4678
75456 7402
75521 6375
75824 2785
75894 4197
76027 148
76114 3504
76126 4341
76189 8347
76223 4378
76294 8910
76399 4274
76431 7617
76465 106
76513 1678
76556 3905
76704 8052
76710 5702
76745 5166
76867 6614
76882 7978
77040 1213
77067 8588
77146 8876
77366 5400
77386 2206
77454 9967
77477 7973
77514 3882
77573 1855
77665 1210
77699 1617
77727 7954
77744 2593
77748 6161
77771 3264
77792 7947
77878 5980
77885 6668
77957 9337
78076 6452
78398 8090
78528 1755
78675 819
78738 9286
78743 8596
78811 4967
78854 9811
78865 8215
78956 1929
78962 6641
78973 807
78983 6268
79034 2605
79143 9606
79268 9800
79340 6619
79345 5600
79355 318
79418 19
79550 4503
79621 6894
79665 3551
79696 849
79708 4758
79764 3309
79852 8515
79928 9236
79968 9934
80311 5484
80460 3503
80487 5720
80511 6671
80565 8571
80641 3359
80711 9549
80831 4067
80849 8782
80879 7922
80907 5750
81006 6651
81110 5116
81161 3383
81232 858
81243 4189
81247 816
81281 4256
81389 1790
81533 3126
81684 821
81759 5273
81814 1062
81902 1184
81967 9337
82098 4365
82104 5315
82179 5266
82211 7514
82247 5681
82411 8128
82687 8036
82688 6123
82754 6078
82781 603
82803 468
82819 1789
82845 4037
82869 9904
82960 8411
82985 1011
83002 146
83178 6446
83193 3929
83271 2927
83584 1249
83636 9570
83670 8603
83757 9647
83867 8576
83954 5910
84040 1068
84044 2147
84071 1226
84114 1732
84125 592
84137 5638
84139 6065
84142 5916
84160 2465
84169 5388
84209 5618
84256 9728
84484 1080
84554 4373
84689 362
84756 5265
84831 2128
84919 6744
84923 6456
84952 6320
84965 5058
84994 6584
84999 6732
85014 3760
85026 3555
85035 1537
85204 4168
85299 4046
85366 4358
85496 8557
85551 3388
85576 8510
85734 9203
85843 753
85984 2769
85989 6667
85997 814
86038 8961
86110 3910
86215 2069
86381 4348
86508 193
86635 5710
86748 5413
86827 9707
86870 5643
86903 5944
86920 3421
86998 7422
87013 6707
87131 8014
87469 6020
87511 3368
87574 3404
87762 9304
87785 6230
87798 8908
87800 7542
87806 7076
87833 6705
87845 1144
87892 4784
87913 2753
88000 3062
88085 130
88135 5872
88141 3889
88377 744
88534 1490
88568 1786
88605 5449
88670 3944
88874 721
89078 6796
89164 3588
89207 8623
89247 901
89314 8685
89385 6771
89402 2558
89539 9501
89635 6312
89760 7733
89827 4235
89866 5844
89880 5829
90035 3974
90060 7492
90197 8222
90248 6882
90348 637
90363 5118
90401 3613
90431 2877
90526 9084
90591 2950
90654 8280
90776 1873
90869 6569
90912 2394
90914 5046
90927 4007
90996 6952
91021 1916
91087 5816
91119 8301
91171 4778
91277 8271
91316 9898
91404 8315
91408 7042
91520 2785
91554 6643
91696 8052
91704 9537
91707 844
91747 6572
91845 3036
91851 2900
91891 40
91934 2602
91950 5456
91991 9483
92008 8441
92062 8031
92091 7920
92112 6800
92134 7226
92192 3914
92207 2392
92287 5865
92522 3560
92632 616
92770 1236
92829 6978
92962 9776
92973 4656
93049 945
93102 1900
93109 1331
93171 4935
93213 923
93302 2572
93551 4824
93609 8886
93634 3945
93727 8811
93824 9493
93828 8801
93960 1610
93976 3966
94088 9759
94221 4544
94222 8088
94228 2658
94382 9109
94542 6719
94583 1644
94593 6992
94655 5648
94664 2898
94733 2745
94744 6830
94773 9804
94988 3128
95002 5940
95182 3576
95206 1451
95224 8222
95238 1080
95262 731
95427 8602
95615 4021
95680 5629
96067 7340
96202 3949
96276 6632
96287 2605
96417 5241
96487 9646
96535 8513
96587 8923
96661 5790
96796 4990
96811 4889
96900 501
96934 2380
97135 7806
97322 6754
97378 8373
97411 2665
97736 3852
97860 5981
97874 4377
97888 8653
97947 6961
97983 5352
98079 3316
98109 7263
98244 8313
98248 650
98357 6071
98423 7393
98461 321
98531 8660
98539 7729
98600 7443
98679 1752
98740 4737
98761 6864
98806 5228
98922 139
98964 3859
98966 5265
99069 483
99116 392
99137 1113
99173 7130
99203 9186
99276 4243
99309 5058
99352 1696
99382 2689
99388 7672
99573 3629
99823 851
99878 5831
