1080 19197 10000 774
149 8522
162 9933
186 7677
226 7891
308 538
341 4916
466 5838
569 8730
605 5339
723 9457
756 826
950 9290
995 3424
1039 2495
1190 4013
1345 9711
1373 7021
1570 1797
1630 2604
1701 6164
1753 6338
1798 392
1920 7370
2071 801
2143 551
2175 7364
2607 6087
2928 1908
3043 4417
3347 5713
3379 6351
3415 2858
3434 6664
3506 526
3508 7005
3616 8855
3944 5551
4108 1079
4339 8213
4497 2969
4505 276
5110 3546
5113 815
5134 9210
5146 9526
5150 8244
5169 9734
5275 5518
5390 2612
5574 8432
5662 3578
5676 4528
5782 2747
5794 5609
5840 7370
5876 8017
5957 7884
6122 576
6172 694
6351 734
6622 4204
6670 5045
6698 1548
6767 5754
7081 9986
7114 24
7253 8265
7340 2995
7360 1979
7708 6329
7722 6024
7776 7183
7928 7154
7937 8499
8101 351
8255 9644
8282 7353
8335 1168
8383 9788
8541 4385
8641 3069
8722 3736
8870 3950
8914 6459
8936 9344
8981 6934
9204 2696
9352 3018
9367 3114
9552 6271
9611 3756
9773 9261
9811 8334
9834 6408
9913 2571
10111 2631
10193 9209
10400 4210
10539 7221
10572 5964
10578 777
10626 4506
10733 2500
10839 3755
11088 6
11103 8716
11142 795
11175 341
11260 3488
11333 8882
11354 8742
11612 8444
11732 9131
11766 2659
11922 6075
12230 2365
12258 9668
12296 6439
12359 4526
12428 6029
12509 3506
12613 614
12666 1876
12698 4051
12790 3172
12950 6004
12984 5189
12997 9812
13052 370
13081 6411
13123 9100
13227 7304
13357 4055
13439 2230
13530 2000
13586 1605
13595 3662
13615 7955
13628 493
13635 3084
13682 2313
13826 5844
13928 1629
13967 8830
13985 7912
14000 5998
14054 1979
14681 5989
14690 7297
14753 8562
14837 9396
14844 367
14862 4086
14877 6584
15047 5606
15512 5939
15550 5915
15640 3879
15668 2073
15704 6618
15732 1220
15934 2027
15935 4063
15954 8162
16010 8392
16047 8955
16114 1654
16208 4763
16479 7099
16485 1652
16584 8620
16607 1734
16672 7617
17137 4687
17209 1125
17399 8799
17478 1336
17569 718
17613 2338
17837 8649
17983 3173
18013 3388
18087 1947
18111 1733
18172 1504
18251 7604
18356 3014
18372 1020
18430 6318
18471 7129
18491 6628
18512 6945
18576 7202
18843 7651
18862 3239
18876 1783
18891 6203
18962 4994
18997 5040
19189 9918
19655 5852
19845 9846
19952 8590
19955 1980
20039 5957
20057 8066
20118 9879
20226 5497
20348 5984
20462 2891
20491 8531
20518 6219
20533 4464
20585 2008
20620 727
20799 8679
21006 9957
21097 950
21115 1524
21233 7789
21377 3506
21385 2724
21542 1495
21634 3515
21653 9767
21690 5925
21818 9912
21823 1681
21915 761
21974 9844
21995 8323
22049 3762
22074 3061
22117 4659
22324 5538
22359 9645
22373 1333
22408 2631
22442 205
22633 7159
22861 961
22879 5800
22885 978
23144 9340
23229 9189
23263 8890
23403 9335
23406 1876
23661 4998
23687 1220
23728 275
23947 7963
24223 7193
24463 9255
24504 1184
24527 2539
24616 7278
24734 449
24781 7867
24828 8916
25154 1567
25242 426
25245 2134
25266 7705
25418 8443
25601 1832
25641 4063
25990 9254
25991 1579
26012 9985
26016 6850
26121 3755
26152 1239
26345 4606
26374 1038
26383 6008
26651 2684
26720 1696
26852 7692
26973 7999
26981 214
27097 6519
27156 8652
27294 3429
27932 322
27939 4506
28051 8213
28248 5809
28342 7465
28362 207
28505 5919
28600 2885
28642 770
28661 8715
28723 614
28765 7961
28860 7660
28892 1373
28894 6311
28921 3402
28986 8481
28998 6957
29248 6760
29282 5232
29317 2723
29502 703
29579 8288
29667 8017
29690 1308
29743 7805
29903 3098
29913 8836
29998 6563
30055 6610
30109 9301
30282 7112
30302 1491
30313 3911
30420 702
30463 1798
30654 1255
30693 4992
30741 9646
30789 3566
30835 6732
30875 1888
31002 5121
31345 9229
31540 682
31544 2561
31590 7433
31756 9323
31820 3217
31858 7289
31863 1590
31905 703
32044 7698
32052 3965
32276 7083
32374 8158
32572 7933
32579 8529
32585 9668
32736 6538
32856 2834
32939 4628
32940 3162
33241 5422
33428 8934
33497 5354
33640 53
33649 5081
33656 9268
33665 2078
33685 5285
33727 8849
33763 9760
34021 8009
34167 4570
34193 1804
34292 4606
34405 7283
34419 7453
34447 9061
34454 1875
34559 4970
34566 8449
34901 7874
34914 4257
34925 8461
35015 6527
35132 6820
35330 9167
35335 4711
35354 1099
35394 6924
35705 4700
35758 61
35887 4384
35952 8899
36103 6607
36150 8075
36179 7037
36182 7140
36333 8168
36436 2990
36655 8259
37057 9317
37289 7890
37333 4075
37813 3615
37923 7369
37950 4234
38056 1637
38078 570
38191 3562
38568 1160
38575 8973
38743 7019
38780 3110
38866 5000
38905 3668
39289 7672
39599 7106
39704 7415
39830 3814
40124 2668
40187 4698
40218 2179
40464 7788
40595 5344
40610 893
40847 9145
40936 7972
40958 2987
41046 4554
41377 6899
41429 3305
41513 9813
41639 9762
41724 2042
41786 4562
41803 6304
41935 6005
41936 6041
41945 6104
42120 3934
42179 3735
42190 210
42233 4644
42408 6731
42426 6817
42512 4068
42628 3564
42909 1035
43041 6562
43101 7801
43137 9249
43138 8506
43387 6274
43444 7799
43672 7608
43735 8213
43808 3886
43838 3566
43964 6357
44306 3481
44366 5709
44474 2659
44564 4073
44714 3683
44893 2020
45004 7474
45164 5765
45174 6983
45273 6119
45486 6562
45616 9059
45865 9205
45907 5739
45983 4770
46020 1146
46101 7358
46179 1857
46292 3324
46391 5063
46396 9743
46457 1879
46789 2561
46896 4883
46991 2592
47031 4906
47175 4139
47279 5531
47300 9773
47356 4642
47450 2784
47580 3944
47690 7023
47719 5330
47724 9028
47764 8318
47952 7537
47975 7199
48033 7758
48127 4202
48370 6421
48586 2859
48588 3448
48694 9916
48762 2240
48823 6990
48858 1730
49027 9070
49191 1087
49395 1304
49508 4112
49589 8794
49631 4839
49660 3557
49700 6235
49716 7103
49818 8584
49855 7515
50163 1845
50236 2267
50536 237
50565 7109
50637 1249
50750 5331
50759 8213
50837 7481
50964 7194
51014 6274
51121 1739
51138 1647
51162 8048
51357 6336
51383 471
51470 1069
51614 1868
51773 1662
51828 8441
51832 2548
51858 6510
51911 5056
51974 4861
52118 3736
52173 9696
52228 4794
52375 5600
52376 7140
52501 7696
52510 9355
52538 9181
52577 3871
52619 8067
52662 4049
52846 897
52907 3816
53033 3844
53041 9003
53042 7168
53145 4232
53267 606
53452 8760
53619 8679
53679 9741
53760 1972
54039 5609
54042 3219
54068 6222
54114 9653
54122 6135
54164 1795
54195 2378
54277 9419
54348 1551
54440 2595
54503 2866
54666 5641
54685 6508
54830 1488
54895 2440
55065 948
55092 210
55361 4938
55388 5038
55456 6337
55749 5258
55879 1072
55985 3268
56199 1606
56208 3800
56212 2393
56236 1166
56256 923
56379 191
56380 4023
56630 1613
56828 5397
57547 7995
57583 7151
57661 1290
57665 1392
57857 6913
57893 33
57916 8969
57929 337
57938 4751
58043 2277
58070 4561
58299 8624
58323 5948
58504 3980
58511 1114
58559 3613
58605 4361
58887 266
58922 1039
58935 3569
59030 1173
59107 897
59150 5013
59199 2231
59357 6519
59362 357
59382 7077
59517 4735
59610 615
59645 6413
59724 678
59727 9838
59771 9622
59783 3358
59845 9088
59877 5515
60008 5889
60035 3799
60107 4363
60197 2896
60409 1934
60505 8068
60523 1405
60538 3517
60590 5463
60864 3984
60996 7734
61041 2551
61127 2324
61170 2416
61174 650
61379 3193
61405 6524
61569 588
61591 7728
61654 1841
61697 6081
61746 2347
61867 7299
61944 7632
61998 8659
62034 6712
62042 9932
62047 2522
62099 9987
62114 8569
62151 5154
62160 4034
62386 1044
62451 6067
62522 9564
62535 1416
62576 3611
62584 646
62613 4695
62741 30
62863 6100
62871 6100
62978 7639
63049 5857
63060 6023
63083 705
63163 3598
63238 9798
63266 2796
63334 8548
63444 3084
63486 3152
63566 4059
63621 9896
63696 8089
63700 6490
63737 5496
63820 8904
63874 1717
63888 5594
63997 503
64056 9023
64106 377
64112 8889
64215 3056
64301 7906
64355 4182
64446 2687
64512 4652
64535 8943
64581 1718
64650 3221
64673 7844
64945 3947
65042 7295
65132 25
65183 8214
65203 621
65214 8705
65329 6421
65386 2169
65499 9720
65513 2674
65527 4592
65633 8779
65777 2700
65998 3
66048 9422
66246 7217
66291 2442
66292 9385
66463 7692
66492 5555
66516 2011
66526 2478
66563 35
66650 2545
66830 9927
66898 4255
66950 4025
66999 467
67041 6432
67061 7728
67093 9031
67150 201
67440 109
67759 1866
67832 8937
67862 2512
67960 2912
68047 5411
68066 6122
68112 8927
68222 6377
68407 7139
68421 8381
68451 7099
68487 1388
68613 2308
68628 7090
68652 2356
68672 2825
68725 4061
68843 6603
68851 5415
68935 6293
69029 509
69063 1564
69140 268
69515 3433
69539 7596
69568 671
69609 5089
69652 8744
69810 7541
69821 6413
69838 4247
69840 7927
70376 9217
70423 1048
70483 8991
70488 2230
70544 4145
70757 5943
70777 7289
70897 1835
70934 6592
70971 9442
71009 8633
71075 4581
71222 8558
71306 1462
71422 3233
71448 5617
71604 8763
71642 484
71696 906
71709 2384
71767 3035
71777 6658
71841 765
71869 4011
71893 3555
72006 9649
72065 6214
72149 6689
72158 3654
72264 3671
72400 4083
72616 4733
72796 4792
72931 5330
73064 2230
73071 9746
73281 5114
73359 40
73371 1257
73474 7479
73561 2132
73590 4527
73647 4948
73743 7974
73776 2677
73787 7471
73828 3515
73916 678
73972 3589
74350 2907
74548 6647
74652 2106
74838 2585
74917 5189
74935 5759
74987 6122
75068 7298
75204 8735
75305 4427
75313 4758
75345 368
75408 7134
75534 6421
75554 4245
76115 3625
76121 9578
76180 1306
76181 3443
76245 6393
76310 449
76435 5824
76509 5387
76562 7221
76584 3836
76612 1771
76741 5490
76747 7635
76758 1224
76951 4329
76952 6295
76993 2138
77052 3176
77098 84
77184 8947
77282 9694
77288 8459
77293 8660
77524 2503
77638 1038
77652 821
77664 9533
77717 7670
77795 4124
77818 8369
77847 6176
77903 7423
78056 294
78110 5720
78272 2473
78419 5355
78550 6716
78625 8664
78741 4527
78756 1374
78768 6732
78825 8950
78901 4250
78918 5934
78941 2517
79049 4116
79079 2444
79097 6902
79116 6623
79223 8317
79310 9579
79323 3929
79404 2244
79444 4557
79503 9205
79672 5838
79783 6403
79835 1080
79847 7783
79928 7546
80320 5617
80357 7836
80418 3790
80451 2009
80635 262
80689 2064
80733 7688
80738 2739
80961 709
81040 288
81052 7012
81068 5630
81144 296
81272 6659
81281 4228
81325 7188
81362 1393
81379 4475
81385 2469
81407 6127
81435 7281
81598 4854
82110 3518
82170 7988
82210 6036
82383 695
82413 8633
82418 9323
82612 9962
82729 7076
82799 8016
83042 1942
83062 2908
83247 2058
83531 4321
83822 2040
83929 6949
84172 3970
84229 5507
84299 4639
84344 6297
84790 1325
84910 302
84974 9349
85028 6645
85136 4335
85146 5974
85162 9441
85537 2770
85550 6892
85588 3313
85698 9231
85744 6007
86030 2918
86151 1057
86201 1341
86226 8270
86361 4387
86487 559
86597 1107
86643 9304
86647 3123
86863 8517
86871 5735
86881 8629
86976 3745
87002 5457
87025 2887
87507 7285
87566 8185
87590 5033
87963 4515
88003 3052
88040 7527
88340 8964
88342 4500
88361 9198
88385 8655
88418 4670
88498 2132
88523 7094
88551 8591
88619 1458
88673 4974
88952 8340
89111 7881
89145 381
89244 7945
89251 6483
89483 9657
89612 9791
89614 4967
89684 1120
89707 4928
90013 4373
90017 7245
90024 1982
90188 7274
90305 5929
90696 3454
90720 8859
90769 3672
90817 6601
90857 1465
90947 1788
90954 4554
90981 3631
91058 1597
91147 1864
91155 8471
91157 8572
91163 8249
91184 4812
91488 7605
91579 7650
91740 7541
91770 8643
92045 8216
92201 4988
92268 4689
92281 3180
92344 209
92368 6717
92478 418
92564 5531
92620 8990
92648 3823
92952 3046
92983 552
93012 2479
93104 9961
93162 4336
93263 3067
93326 3452
93391 9188
93465 5822
93467 7026
93625 2553
93808 9561
93811 9713
93838 940
93871 7824
94130 9376
94145 4032
94321 6628
94436 2536
94482 4170
94614 6448
94713 5008
94719 5336
94742 8664
94797 8564
94830 1086
94890 8714
95004 3893
95145 5226
95296 9332
95433 7517
95440 7501
95446 6051
95550 8730
95555 9258
95676 9956
95889 4567
95967 9853
96038 7891
96044 6700
96057 9537
96093 8883
96152 3294
96173 3553
96217 9748
96250 4724
96406 8804
96436 4708
96686 7532
96734 8917
96738 4973
96755 7192
96892 3155
96893 1355
97010 8265
97019 9763
97290 6550
97292 3701
97341 2496
97455 2442
97539 4510
97571 3396
97774 5238
97812 4190
98048 2031
98087 3747
98399 2897
98577 1477
99263 7193
99380 9782
99503 2237
99608 1189
99794 4135
99878 6636
