135 2006 3400 1
7 290
9 13
25 455
32 365
38 84
39 495
67 511
99 62
112 112
115 905
117 145
122 136
128 960
131 6
136 861
141 535
168 172
177 287
179 976
189 216
196 425
212 944
214 20
219 73
229 706
234 666
240 421
245 855
291 87
301 470
305 30
310 172
316 91
323 233
326 784
336 902
342 625
349 157
358 457
359 247
365 375
375 713
381 218
383 890
384 602
392 443
395 259
402 496
426 94
429 941
442 159
446 200
454 988
455 522
465 412
467 883
470 792
477 995
484 595
491 251
498 956
513 60
516 242
518 268
526 941
532 917
542 597
552 513
569 243
571 700
572 47
573 231
581 239
590 793
599 668
604 953
615 718
619 933
620 637
624 318
634 200
636 960
642 505
648 224
657 42
667 719
674 148
682 703
685 349
687 659
704 290
705 527
708 138
709 138
713 703
728 759
729 492
736 811
745 808
752 260
764 448
791 659
792 925
797 487
806 349
807 705
829 319
834 874
837 67
848 854
850 254
852 27
857 529
863 924
868 595
874 602
876 273
885 317
889 391
891 426
896 949
901 455
910 117
921 705
922 638
928 815
932 524
941 557
946 418
951 305
955 202
957 743
964 572
971 38
989 606
