176 9909 4823 1
5 16
9 58
13 47
17 39
20 52
22 92
33 97
39 75
53 41
90 82
91 66
93 71
95 92
96 5
103 76
104 55
108 58
122 41
129 2
135 43
139 89
140 87
143 74
149 5
156 51
158 55
166 39
168 91
178 4
179 71
184 10
195 44
197 3
198 62
206 9
212 97
213 85
216 23
217 22
220 28
222 20
225 37
227 76
236 71
241 90
244 31
254 39
255 97
257 94
259 14
270 60
271 61
284 4
294 52
306 12
308 19
316 82
317 5
321 68
329 69
332 31
333 92
339 80
341 3
346 94
353 61
355 93
357 74
363 48
371 82
393 44
400 86
405 27
410 23
417 11
428 35
440 0
447 86
450 8
452 40
470 14
472 18
473 68
474 65
490 86
498 19
499 28
500 49
509 48
521 64
523 71
524 54
543 39
546 0
557 54
558 11
563 35
571 95
580 54
582 81
593 69
596 51
606 52
607 3
612 89
616 95
619 3
623 13
633 95
636 29
640 25
652 15
653 6
654 88
661 72
662 39
673 85
683 40
684 1
685 64
688 93
693 100
694 99
697 1
708 41
713 92
719 52
721 32
725 91
726 63
728 14
733 41
734 43
738 88
742 63
749 15
751 81
755 74
761 66
762 3
766 52
781 37
783 63
784 37
793 1
798 17
802 0
808 6
809 23
816 67
817 10
824 86
830 85
847 76
854 55
866 48
869 46
874 20
875 39
881 48
886 91
887 49
890 16
892 17
893 61
895 5
905 40
908 7
909 42
921 51
947 65
968 65
969 36
984 50
985 86
992 26
