10000 100000 1 1
16 584
53 497
62 366
68 181
70 485
71 517
83 244
88 415
95 789
99 487
107 24
111 824
112 144
125 82
140 343
149 747
164 141
167 854
175 280
178 535
179 124
209 818
211 554
220 844
253 621
257 706
269 109
290 994
317 592
321 14
335 649
348 941
353 97
354 590
355 181
357 101
363 242
380 575
382 172
390 67
406 848
429 623
434 199
435 594
441 435
449 603
454 942
459 276
467 743
472 433
487 769
517 479
537 3
539 321
550 557
553 591
568 455
592 738
593 381
598 263
612 331
643 741
658 964
665 265
666 967
689 245
701 176
729 131
741 51
743 391
744 816
750 740
773 985
789 694
830 646
865 307
877 140
878 172
881 331
884 626
886 667
901 337
909 822
912 67
913 54
914 703
923 490
950 329
953 947
968 48
969 59
976 744
981 523
982 249
984 802
1005 218
1027 914
1029 425
1040 716
1044 471
1048 606
1063 754
1080 995
1082 499
1085 44
1091 573
1118 183
1137 515
1142 50
1149 312
1158 307
1167 77
1173 405
1176 386
1181 101
1209 84
1210 477
1212 783
1219 226
1221 384
1223 806
1228 903
1232 217
1269 733
1271 601
1288 854
1293 613
1296 554
1313 277
1314 472
1321 66
1328 178
1329 727
1331 963
1340 681
1341 192
1364 537
1368 629
1373 829
1390 604
1392 255
1396 237
1405 296
1413 152
1414 986
1418 14
1423 905
1436 502
1441 886
1444 361
1446 286
1447 416
1460 104
1467 182
1479 476
1488 247
1490 380
1493 871
1498 236
1503 937
1514 60
1538 164
1553 257
1559 844
1561 955
1568 645
1573 926
1577 189
1579 413
1593 811
1594 233
1610 612
1623 858
1631 976
1632 907
1635 746
1638 963
1646 268
1649 773
1650 483
1661 976
1685 622
1694 575
1709 600
1714 705
1719 328
1729 178
1731 134
1738 136
1740 672
1742 205
1760 397
1776 600
1778 882
1788 500
1789 151
1790 158
1797 907
1804 484
1811 519
1823 383
1836 470
1852 270
1873 946
1907 76
1914 529
1925 940
1926 923
1930 12
1937 480
1950 117
1952 313
1976 916
1991 405
1996 540
2008 652
2014 167
2039 470
2041 330
2055 215
2056 583
2080 247
2095 423
2107 457
2125 940
2129 682
2133 871
2138 896
2141 772
2148 364
2150 703
2152 116
2157 306
2162 696
2169 911
2184 831
2200 576
2201 356
2215 184
2232 363
2257 248
2263 345
2264 169
2290 931
2292 130
2293 728
2303 393
2305 848
2340 169
2344 274
2349 220
2365 336
2375 39
2391 477
2407 24
2408 733
2412 850
2417 45
2421 816
2426 226
2429 303
2430 168
2454 485
2455 707
2456 524
2459 43
2460 198
2467 589
2468 927
2487 326
2494 320
2495 507
2506 542
2552 393
2555 815
2559 35
2563 295
2565 132
2580 67
2583 191
2586 889
2598 297
2612 47
2616 989
2628 1
2674 279
2688 50
2708 230
2713 758
2742 31
2753 304
2754 205
2759 547
2794 366
2797 672
2811 290
2824 287
2828 384
2845 572
2849 83
2886 739
2887 946
2891 443
2910 844
2911 472
2929 533
2932 278
2952 133
2956 926
2957 387
2959 513
2982 216
2986 658
2989 125
3018 426
3020 932
3040 948
3051 688
3052 594
3058 982
3065 821
3083 420
3088 120
3092 747
3110 582
3114 882
3118 502
3131 18
3138 524
3140 172
3164 188
3172 768
3203 101
3206 901
3209 10
3220 0
3223 688
3225 326
3226 837
3227 545
3249 488
3250 144
3278 591
3281 3
3295 140
3296 418
3301 823
3317 321
3325 377
3342 162
3347 491
3369 16
3375 662
3377 782
3389 921
3399 302
3415 865
3421 60
3433 449
3439 789
3443 333
3444 334
3447 209
3460 332
3484 454
3488 704
3506 673
3516 519
3518 209
3522 78
3549 284
3553 368
3563 308
3575 733
3583 23
3584 381
3609 825
3626 695
3627 708
3633 388
3648 209
3660 897
3684 614
3692 814
3699 728
3729 226
3734 972
3739 30
3771 31
3784 587
3788 50
3822 342
3825 282
3847 779
3852 132
3861 744
3864 247
3868 758
3872 567
3893 435
3902 734
3910 157
3926 26
3929 104
3932 746
3943 156
3947 493
3955 470
3956 427
3981 587
3987 198
3988 195
3999 38
4003 629
4007 343
4009 906
4014 787
4016 380
4024 833
4030 286
4057 940
4081 186
4087 155
4093 736
4110 30
4111 58
4130 569
4142 811
4148 404
4155 57
4158 43
4161 621
4181 574
4186 369
4192 868
4193 832
4197 235
4206 858
4211 913
4227 912
4233 748
4254 783
4257 156
4265 226
4276 171
4289 751
4294 155
4299 753
4303 16
4336 44
4342 157
4349 412
4352 328
4354 461
4379 639
4403 430
4417 86
4421 717
4425 213
4434 542
4435 88
4445 767
4448 621
4451 178
4460 895
4469 90
4502 47
4506 460
4512 142
4513 461
4520 220
4528 919
4533 517
4543 982
4545 719
4559 154
4581 267
4592 946
4602 395
4613 948
4614 151
4621 22
4637 969
4643 940
4651 368
4660 406
4683 701
4692 266
4695 239
4713 676
4731 827
4734 490
4764 547
4781 947
4782 834
4791 556
4795 130
4798 357
4826 825
4832 528
4839 878
4867 790
4885 428
4925 762
4929 545
4934 864
4939 508
4941 771
4965 712
4973 417
4982 740
4994 238
5026 461
5033 506
5034 304
5040 289
5070 332
5082 452
5103 123
5111 897
5114 815
5125 36
5128 394
5135 300
5161 914
5167 929
5191 110
5229 430
5231 806
5278 863
5287 908
5304 656
5308 263
5320 955
5327 939
5332 932
5335 757
5345 685
5355 100
5373 149
5403 187
5409 39
5416 401
5417 927
5442 535
5448 505
5454 48
5478 928
5482 747
5504 445
5517 384
5529 737
5531 62
5533 306
5547 337
5589 768
5612 949
5617 731
5628 413
5642 944
5643 876
5648 788
5664 813
5665 66
5675 275
5689 666
5704 46
5710 813
5716 869
5717 59
5718 902
5720 146
5728 953
5755 235
5759 127
5798 48
5800 367
5802 963
5813 298
5817 704
5820 282
5822 716
5823 67
5828 73
5836 246
5854 551
5866 603
5870 173
5872 899
5884 771
5897 140
5904 468
5905 791
5919 526
5927 740
5939 78
5960 780
5961 146
5968 895
5980 908
5993 392
6004 495
6015 789
6021 194
6029 267
6033 81
6037 925
6051 301
6063 137
6067 335
6084 27
6087 765
6095 921
6103 80
6107 544
6121 257
6122 161
6133 257
6136 397
6143 655
6154 349
6177 611
6185 687
6193 843
6215 127
6227 408
6228 593
6232 633
6244 304
6245 155
6249 23
6266 287
6272 84
6290 26
6294 713
6311 833
6313 161
6318 136
6346 126
6352 635
6379 791
6394 775
6417 39
6420 305
6433 455
6437 214
6438 483
6447 521
6450 446
6468 886
6470 668
6496 252
6535 926
6575 920
6586 976
6598 602
6601 79
6612 184
6625 367
6628 787
6634 558
6636 406
6645 397
6658 274
6667 780
6679 826
6680 716
6681 240
6682 481
6690 153
6694 441
6695 933
6696 598
6705 640
6707 792
6721 565
6725 265
6733 403
6745 546
6746 146
6779 393
6784 749
6787 774
6794 156
6810 158
6811 68
6818 287
6832 783
6836 782
6843 558
6851 845
6861 46
6863 470
6865 16
6870 807
6877 263
6883 780
6887 45
6888 509
6895 82
6907 594
6908 949
6926 712
6927 65
6948 628
6968 552
6991 639
7012 391
7018 237
7024 771
7032 319
7040 761
7043 714
7077 67
7083 367
7092 8
7117 487
7120 688
7138 654
7160 746
7162 452
7168 262
7173 549
7196 311
7205 132
7211 896
7220 828
7231 348
7234 543
7247 501
7254 524
7263 813
7286 234
7302 289
7307 949
7308 718
7310 220
7315 876
7319 431
7324 204
7325 255
7343 982
7358 698
7360 150
7363 916
7368 938
7389 854
7391 574
7405 37
7417 12
7419 167
7429 626
7448 571
7449 254
7450 312
7498 998
7501 757
7506 811
7511 467
7519 207
7525 185
7538 809
7545 51
7546 681
7551 452
7559 739
7567 570
7580 333
7582 561
7597 883
7612 932
7627 920
7634 865
7639 34
7653 851
7666 790
7687 371
7694 12
7701 179
7706 207
7709 578
7720 345
7723 114
7726 161
7732 730
7738 233
7741 755
7753 761
7755 850
7759 911
7780 571
7803 937
7817 738
7819 926
7825 81
7837 511
7838 310
7850 798
7873 612
7875 205
7906 176
7915 580
7936 501
7944 499
7953 602
8000 13
8028 908
8049 768
8071 750
8079 72
8087 785
8093 289
8103 407
8104 552
8108 612
8123 584
8129 163
8151 753
8153 218
8166 419
8195 479
8201 697
8241 173
8247 718
8249 574
8250 369
8256 552
8258 538
8270 386
8273 299
8274 109
8299 251
8303 428
8310 853
8314 63
8324 316
8325 169
8341 939
8344 392
8352 917
8366 746
8368 846
8386 74
8396 859
8408 166
8435 352
8437 532
8455 466
8457 348
8472 839
8480 33
8503 654
8505 317
8548 745
8554 762
8566 270
8569 236
8583 411
8590 260
8607 540
8608 690
8617 974
8629 809
8635 210
8640 299
8645 442
8646 17
8656 685
8658 795
8659 727
8662 73
8666 673
8676 155
8677 46
8679 383
8684 899
8697 126
8702 34
8708 798
8720 866
8731 334
8732 442
8744 757
8784 654
8785 602
8807 886
8812 886
8825 95
8844 710
8868 404
8876 956
8882 789
8883 310
8899 959
8934 815
8936 724
8943 125
8950 618
8955 519
8959 907
8969 574
8991 174
8993 845
8998 358
9002 243
9015 700
9021 214
9035 380
9039 477
9048 686
9050 787
9051 913
9067 592
9081 760
9099 923
9103 560
9112 426
9114 228
9136 154
9143 198
9148 878
9155 834
9160 356
9212 91
9217 422
9222 886
9228 120
9231 169
9233 966
9243 11
9245 826
9270 158
9277 815
9280 752
9282 777
9291 314
9304 117
9305 114
9307 109
9308 102
9325 559
9344 276
9355 604
9357 61
9370 467
9393 355
9430 965
9435 647
9449 564
9472 985
9477 756
9489 412
9494 838
9514 977
9541 447
9556 437
9566 587
9567 847
9572 440
9576 155
9577 712
9614 575
9620 111
9624 385
9630 415
9640 817
9646 244
9649 559
9652 21
9679 884
9690 316
9703 49
9732 895
9746 3
9759 82
9760 958
9766 126
9779 362
9793 245
9795 693
9800 793
9803 360
9829 37
9833 387
9836 995
9839 381
9841 560
9848 306
9866 808
9874 903
9883 496
9886 500
9901 164
9910 863
9911 133
9918 512
9920 369
9922 487
9924 715
9928 576
9930 821
9935 181
9936 556
9938 824
9948 679
9952 297
9967 679
9983 523
9988 561
10006 213
10014 301
10030 123
10040 101
10041 982
10050 507
10053 647
10059 652
10065 478
10067 783
10071 183
10073 561
10088 223
10099 127
10131 22
10142 513
10163 173
10170 612
10185 387
10187 127
10194 837
10195 121
10197 891
10201 750
10226 226
10227 142
10251 49
10279 664
10284 261
10285 847
10289 593
10296 31
10303 632
10305 53
10307 403
10323 190
10378 141
10396 202
10397 596
10408 762
10410 513
10421 822
10431 167
10441 12
10451 164
10455 977
10465 986
10469 459
10493 197
10504 208
10506 823
10519 717
10526 868
10534 298
10543 21
10545 138
10573 621
10574 775
10578 371
10624 280
10631 530
10636 442
10644 841
10654 541
10665 29
10677 312
10685 748
10688 401
10696 321
10719 680
10726 265
10745 896
10751 945
10767 620
10768 615
10772 917
10791 590
10816 478
10829 778
10858 690
10871 850
10872 389
10874 353
10877 338
10888 350
10891 154
10923 399
10928 966
10943 701
10949 624
10953 320
10966 84
10993 231
11003 426
11024 755
11026 340
11033 163
11039 473
11048 411
11055 872
11062 860
11110 865
11115 289
11127 558
11141 481
11144 39
11165 213
11168 812
11186 454
11192 874
11196 666
11231 366
11249 709
11252 992
11253 6
11263 556
11264 549
11266 328
11270 244
11286 715
11293 638
11313 159
11321 996
11358 500
11369 400
11372 464
11373 555
11374 740
11391 904
11403 519
11414 749
11428 401
11437 875
11439 88
11444 310
11450 98
11452 168
11454 334
11455 705
11457 174
11460 591
11469 264
11471 559
11478 521
11485 25
11495 596
11505 640
11520 39
11547 503
11587 692
11600 737
11611 521
11619 770
11631 416
11642 234
11647 847
11670 490
11671 748
11685 981
11697 111
11703 188
11719 79
11723 287
11724 243
11730 463
11733 293
11735 832
11739 854
11749 19
11754 659
11759 319
11769 871
11785 958
11792 385
11797 258
11801 777
11818 279
11821 931
11831 129
11841 733
11845 646
11847 678
11854 550
11876 21
11883 350
11902 933
11903 326
11921 960
11923 90
11931 20
11935 435
11936 618
11951 869
11964 215
11986 758
11989 634
11996 730
12026 214
12051 577
12059 450
12073 718
12080 380
12088 754
12096 212
12117 438
12120 284
12122 66
12124 681
12127 800
12130 643
12135 556
12141 157
12145 912
12164 326
12177 508
12191 670
12204 616
12226 525
12246 252
12251 734
12261 91
12270 690
12294 624
12327 671
12339 670
12340 580
12361 300
12363 956
12368 967
12378 854
12398 61
12405 490
12410 211
12414 151
12424 810
12425 995
12433 477
12459 300
12464 880
12472 475
12484 530
12510 802
12512 540
12539 73
12541 429
12559 437
12565 50
12579 223
12585 497
12592 549
12593 676
12606 210
12619 699
12642 371
12648 216
12659 693
12669 537
12679 316
12684 817
12686 770
12715 794
12734 729
12736 395
12737 535
12795 377
12797 547
12831 198
12834 636
12848 888
12852 171
12856 469
12860 703
12862 252
12873 715
12894 274
12907 677
12908 362
12913 377
12921 524
12932 318
12948 234
12959 268
12965 162
12968 733
12981 50
13006 690
13017 611
13028 757
13037 397
13039 630
13046 63
13057 242
13060 246
13061 280
13062 9
13100 739
13124 581
13145 771
13147 553
13150 880
13151 947
13154 625
13155 706
13160 878
13161 566
13165 43
13175 216
13186 656
13188 973
13189 758
13198 403
13214 257
13220 918
13244 994
13249 979
13256 62
13270 906
13291 128
13294 847
13313 28
13317 891
13322 196
13338 592
13339 784
13348 205
13379 992
13383 930
13397 390
13418 584
13450 534
13451 741
13454 954
13458 233
13463 605
13479 567
13491 646
13508 689
13510 966
13514 898
13521 680
13540 139
13551 880
13564 386
13571 504
13576 338
13591 107
13594 651
13624 352
13637 449
13654 415
13666 888
13686 615
13687 54
13734 285
13737 312
13746 455
13750 95
13774 975
13786 376
13789 383
13796 315
13797 18
13800 723
13801 76
13803 955
13808 215
13817 328
13820 492
13851 79
13860 276
13864 424
13878 272
13896 683
13905 415
13906 609
13915 768
13918 477
13919 467
13922 468
13932 736
13936 562
13944 200
13958 263
13959 788
13962 712
14001 335
14006 869
14036 4
14056 967
14097 592
14109 473
14118 931
14124 790
14125 14
14126 794
14137 407
14140 894
14157 318
14159 867
14162 84
14190 799
14192 499
14198 149
14227 357
14233 429
14239 674
14240 149
14243 291
14250 29
14258 50
14264 437
14275 21
14283 715
14295 896
14307 485
14311 558
14316 988
14330 200
14332 617
14342 459
14356 153
14360 182
14362 801
14387 766
14398 35
14402 99
14427 298
14431 614
14439 481
14446 182
14477 531
14493 123
14500 546
14505 881
14509 511
14510 908
14525 249
14527 738
14532 170
14542 20
14552 932
14581 720
14599 369
14604 862
14608 587
14613 305
14615 717
14639 680
14640 668
14662 495
14673 372
14678 5
14680 467
14681 570
14692 244
14694 518
14697 304
14698 24
14704 699
14725 173
14727 847
14732 101
14747 774
14755 254
14758 307
14762 925
14765 290
14766 925
14779 546
14780 265
14782 883
14795 140
14803 402
14814 223
14819 720
14825 14
14828 940
14835 840
14836 752
14859 315
14860 368
14877 104
14891 434
14898 989
14899 322
14901 882
14927 176
14929 915
14943 291
14960 164
14962 477
14967 107
14973 536
14975 573
14978 20
14990 118
14992 459
15017 972
15040 206
15042 768
15051 262
15056 650
15062 571
15065 143
15068 912
15081 983
15083 251
15087 303
15089 311
15092 644
15110 311
15111 520
15117 982
15118 455
15128 159
15135 657
15152 665
15205 837
15206 805
15216 848
15220 583
15222 557
15230 397
15232 325
15246 68
15249 154
15264 289
15266 222
15270 169
15271 755
15296 352
15299 340
15313 707
15350 68
15359 349
15379 256
15392 9
15404 736
15410 629
15423 46
15437 466
15448 769
15455 544
15470 300
15472 554
15496 73
15515 194
15522 738
15552 232
15584 679
15593 213
15619 298
15635 439
15644 95
15669 48
15674 835
15675 156
15695 732
15699 547
15744 250
15746 343
15758 365
15763 682
15766 301
15774 38
15778 832
15787 132
15788 954
15801 315
15804 535
15826 149
15833 329
15836 60
15841 859
15844 918
15882 519
15886 518
15912 402
15917 900
15920 613
15928 52
15937 831
15941 148
15957 449
15969 653
15971 341
15974 951
15975 114
15976 251
16024 928
16029 216
16041 105
16044 484
16050 264
16052 197
16059 190
16065 511
16068 558
16080 213
16087 424
16088 326
16116 319
16125 96
16128 926
16131 760
16137 456
16138 516
16159 232
16185 570
16188 558
16229 932
16248 857
16257 777
16267 790
16275 194
16285 949
16286 153
16287 725
16290 639
16292 403
16330 930
16339 277
16343 14
16375 801
16386 141
16405 890
16412 979
16415 936
16419 929
16431 871
16445 2
16470 851
16480 648
16482 17
16484 693
16493 524
16520 932
16521 121
16536 227
16549 210
16554 264
16557 97
16558 918
16573 941
16581 244
16595 739
16603 86
16619 638
16623 890
16627 314
16635 970
16640 881
16663 474
16669 863
16715 478
16732 983
16751 338
16752 750
16766 513
16781 258
16782 827
16784 652
16793 92
16800 571
16815 544
16827 787
16829 225
16840 38
16849 127
16852 221
16863 685
16891 966
16892 250
16898 868
16908 23
16909 976
16911 598
16916 75
16936 601
16937 967
16948 490
16972 478
16983 831
16991 379
17007 644
17009 75
17018 311
17029 997
17047 345
17055 977
17057 657
17064 1
17078 878
17080 877
17095 785
17103 632
17114 39
17123 498
17128 97
17129 364
17135 690
17142 767
17144 835
17155 290
17190 11
17205 145
17206 712
17209 843
17217 926
17228 229
17240 681
17243 168
17247 783
17263 741
17269 630
17284 439
17285 727
17289 609
17299 795
17318 290
17335 683
17362 329
17365 304
17373 96
17374 293
17376 239
17389 897
17399 327
17411 533
17413 339
17416 827
17437 637
17444 89
17453 513
17483 101
17485 560
17496 837
17501 77
17505 114
17507 224
17511 266
17519 490
17553 658
17557 458
17580 137
17591 356
17610 890
17633 613
17638 961
17663 660
17671 463
17674 959
17684 927
17685 720
17691 862
17693 397
17695 610
17706 351
17722 301
17736 676
17750 632
17751 18
17754 838
17755 792
17756 828
17758 331
17777 173
17783 333
17788 761
17791 520
17801 214
17804 0
17820 276
17826 293
17836 128
17837 830
17844 573
17845 748
17885 354
17903 818
17918 688
17935 52
17936 444
17953 421
17971 963
17974 827
17981 11
17982 939
17986 367
18001 45
18005 533
18025 758
18026 883
18042 561
18055 608
18059 798
18077 908
18084 117
18094 841
18100 547
18114 525
18137 571
18141 362
18146 606
18150 931
18162 382
18164 205
18168 757
18172 707
18179 533
18183 551
18190 72
18216 935
18217 770
18222 702
18223 768
18234 662
18252 653
18271 101
18274 344
18280 46
18294 358
18302 232
18305 400
18323 859
18325 555
18348 566
18370 348
18375 723
18382 971
18390 944
18409 260
18414 476
18421 357
18435 230
18490 71
18492 813
18501 117
18506 369
18538 608
18546 626
18580 537
18583 234
18584 464
18600 571
18627 681
18632 385
18633 887
18639 819
18641 617
18647 930
18655 172
18703 22
18709 474
18731 207
18732 460
18734 985
18743 477
18749 393
18771 719
18804 718
18812 870
18836 271
18865 899
18867 495
18875 844
18899 714
18906 504
18907 671
18909 876
18923 345
18956 619
18970 316
18984 492
18988 16
19019 206
19022 643
19023 330
19037 859
19051 794
19063 517
19073 29
19078 346
19082 433
19089 858
19090 332
19097 78
19122 406
19136 964
19150 733
19187 240
19194 542
19207 65
19210 169
19211 576
19213 906
19222 349
19224 354
19225 281
19233 870
19243 977
19258 716
19261 993
19263 349
19271 609
19302 721
19309 911
19313 877
19337 631
19342 821
19343 142
19353 517
19360 590
19362 488
19382 79
19386 950
19413 441
19417 16
19440 994
19447 676
19450 194
19458 248
19460 86
19463 600
19467 280
19490 336
19505 25
19506 577
19507 666
19509 769
19513 665
19520 187
19551 765
19574 251
19577 615
19586 744
19593 949
19599 64
19600 292
19615 278
19622 296
19630 332
19649 932
19656 652
19657 338
19662 393
19669 709
19687 233
19694 145
19703 300
19734 999
19778 899
19792 341
19793 470
19811 441
19815 858
19818 924
19826 660
19830 196
19831 414
19839 604
19842 169
19844 889
19859 409
19861 982
19895 708
19905 659
19907 288
19915 919
19924 262
19957 469
19959 656
19976 310
19985 889
19987 453
19992 307
20004 747
20008 709
20016 666
20030 816
20031 107
20034 307
20041 232
20047 966
20051 266
20063 732
20069 856
20096 545
20102 744
20121 936
20125 590
20134 706
20137 647
20139 120
20146 267
20149 451
20152 601
20154 599
20161 186
20163 830
20170 907
20182 800
20184 126
20188 398
20190 294
20193 542
20199 52
20211 593
20214 153
20222 826
20227 393
20243 187
20259 423
20262 517
20268 488
20302 161
20307 687
20313 241
20332 671
20338 916
20341 207
20343 11
20356 214
20376 476
20378 571
20384 165
20387 504
20411 957
20427 965
20432 798
20440 271
20445 787
20458 30
20471 715
20473 618
20494 443
20502 712
20515 359
20517 400
20530 390
20533 977
20538 296
20551 429
20556 210
20565 902
20574 860
20580 326
20585 937
20587 838
20588 500
20590 433
20591 150
20594 761
20595 518
20606 470
20611 829
20614 259
20616 615
20619 798
20628 757
20632 581
20638 69
20639 967
20676 907
20682 900
20693 153
20694 360
20716 558
20720 332
20739 479
20745 255
20790 935
20791 505
20796 281
20802 194
20804 295
20810 621
20813 71
20827 468
20837 178
20859 941
20867 47
20868 846
20873 774
20882 494
20885 523
20894 199
20899 364
20906 507
20912 493
20935 226
20938 724
20946 201
20948 889
20953 627
20966 446
20979 753
20996 1000
21011 906
21021 865
21025 615
21032 695
21038 191
21050 626
21073 600
21077 557
21094 238
21099 413
21106 620
21110 7
21129 752
21153 218
21155 18
21165 567
21183 455
21194 104
21198 115
21208 65
21218 975
21219 81
21222 157
21228 299
21237 213
21249 133
21257 198
21262 476
21278 409
21292 29
21295 742
21306 802
21317 657
21318 292
21325 346
21332 712
21344 118
21345 853
21348 850
21378 53
21388 697
21391 246
21396 306
21398 737
21405 749
21417 480
21419 126
21426 604
21427 470
21456 54
21483 1000
21484 840
21490 125
21491 876
21498 580
21500 564
21516 47
21518 948
21532 866
21545 793
21555 398
21559 31
21561 4
21562 137
21584 397
21593 772
21606 954
21608 546
21627 223
21659 151
21677 466
21685 852
21688 7
21695 76
21701 884
21704 860
21715 230
21725 24
21737 445
21744 38
21745 57
21761 960
21768 77
21774 472
21777 380
21780 117
21814 124
21841 172
21853 495
21871 687
21875 735
21897 819
21904 937
21953 702
21957 845
21969 27
21978 805
21982 886
21997 601
22019 184
22027 176
22033 631
22035 446
22061 774
22064 506
22070 175
22079 565
22088 576
22090 60
22096 41
22105 593
22108 660
22109 454
22111 370
22113 785
22119 203
22124 853
22125 897
22139 651
22152 530
22155 521
22163 445
22173 892
22182 981
22192 207
22299 604
22302 98
22326 877
22329 355
22338 365
22340 318
22357 710
22392 700
22446 453
22450 475
22468 496
22476 182
22478 106
22487 21
22508 732
22509 785
22511 10
22515 998
22527 437
22561 744
22563 950
22575 516
22580 764
22591 594
22599 557
22609 316
22621 69
22624 214
22640 10
22643 851
22657 477
22659 511
22667 172
22679 173
22685 818
22706 316
22710 575
22725 238
22727 23
22732 814
22734 81
22758 810
22767 179
22770 496
22773 130
22783 155
22784 186
22797 967
22825 36
22827 557
22834 251
22849 347
22854 169
22864 378
22869 454
22876 238
22877 474
22880 626
22898 152
22905 705
22906 623
22911 150
22917 445
22920 480
22939 730
22985 123
23028 249
23034 831
23036 879
23051 526
23059 642
23062 932
23104 403
23109 533
23119 511
23128 130
23132 139
23140 627
23145 485
23146 709
23148 769
23168 150
23179 971
23192 923
23206 321
23207 65
23223 686
23229 879
23235 329
23254 3
23275 828
23289 922
23306 942
23310 1000
23331 730
23337 731
23344 847
23382 946
23387 113
23389 828
23401 578
23405 709
23413 606
23423 360
23444 822
23460 263
23464 531
23471 702
23502 649
23515 628
23529 154
23533 852
23543 619
23547 508
23556 440
23557 899
23562 853
23594 757
23618 881
23643 118
23645 333
23651 741
23655 436
23658 801
23661 397
23685 880
23690 790
23697 157
23712 877
23714 938
23715 308
23724 526
23729 927
23738 817
23745 850
23748 822
23789 97
23801 146
23823 507
23830 62
23838 150
23841 936
23845 353
23847 90
23850 451
23860 304
23884 605
23897 399
23939 516
23941 652
23947 879
23948 595
23977 50
23978 899
23979 582
23981 81
24012 696
24014 698
24016 887
24018 797
24020 213
24027 693
24044 559
24048 53
24052 711
24057 454
24091 405
24099 755
24118 260
24127 216
24131 933
24136 480
24158 39
24162 147
24181 428
24186 791
24200 4
24204 878
24205 829
24220 261
24224 652
24238 302
24259 708
24261 265
24279 734
24290 432
24309 2
24340 421
24344 520
24360 180
24364 75
24371 93
24379 688
24402 379
24415 172
24416 520
24418 240
24420 669
24430 608
24433 326
24451 849
24475 256
24490 410
24492 218
24496 236
24497 654
24506 786
24512 619
24523 901
24535 891
24539 961
24543 658
24560 821
24596 692
24631 972
24635 199
24671 151
24686 702
24691 629
24693 687
24694 437
24697 404
24705 795
24718 292
24735 805
24736 206
24737 397
24741 619
24744 757
24755 258
24790 484
24797 448
24819 67
24825 499
24828 553
24829 173
24848 598
24852 625
24855 613
24866 789
24877 332
24879 605
24882 250
24888 275
24893 910
24909 98
24920 769
24926 686
24936 176
24939 80
24948 803
24955 27
24956 0
24964 381
24965 396
24970 843
24978 416
24991 376
24993 343
24998 782
25001 216
25002 738
25008 686
25015 696
25019 764
25035 267
25036 787
25048 165
25052 705
25060 261
25063 449
25066 785
25071 875
25100 515
25102 629
25105 267
25110 965
25141 189
25158 377
25163 826
25168 665
25191 917
25206 211
25208 72
25219 45
25236 36
25238 944
25241 239
25244 334
25284 415
25292 365
25298 226
25313 662
25326 229
25340 701
25348 259
25350 99
25372 149
25392 132
25399 104
25401 837
25411 441
25421 34
25422 505
25424 79
25432 812
25433 246
25435 213
25436 939
25438 800
25444 780
25448 139
25457 307
25471 256
25494 236
25496 347
25499 352
25516 127
25543 508
25549 976
25571 817
25573 327
25588 305
25591 106
25592 86
25595 712
25603 2
25614 366
25633 706
25634 466
25647 670
25651 804
25660 680
25665 530
25667 610
25680 638
25707 495
25712 912
25713 389
25716 571
25722 414
25734 806
25737 143
25741 834
25743 996
25755 323
25777 257
25786 373
25790 732
25796 440
25820 852
25826 810
25841 805
25845 344
25850 529
25871 206
25874 902
25891 895
25915 38
25929 482
25940 625
25950 794
25959 533
25977 460
25979 808
25995 851
26010 769
26035 784
26046 390
26053 108
26060 683
26061 469
26063 828
26070 227
26075 241
26076 14
26083 672
26115 384
26129 823
26133 591
26150 94
26160 642
26165 962
26173 854
26175 452
26178 311
26179 548
26180 906
26187 47
26190 708
26208 25
26219 30
26220 341
26221 885
26248 707
26254 500
26257 219
26269 499
26275 498
26279 28
26281 19
26286 668
26297 291
26309 228
26322 615
26331 179
26367 571
26380 98
26387 924
26388 512
26399 783
26400 832
26402 380
26405 861
26413 635
26443 631
26471 255
26473 473
26480 964
26509 660
26535 282
26539 980
26540 800
26543 933
26554 284
26555 981
26559 498
26569 978
26575 27
26590 673
26592 621
26593 519
26594 745
26599 0
26614 79
26616 182
26620 71
26638 59
26647 962
26664 939
26670 733
26684 792
26704 7
26711 872
26728 755
26732 403
26745 597
26779 678
26815 108
26816 201
26820 814
26839 319
26853 4
26870 466
26903 74
26907 291
26927 229
26934 433
26941 730
26945 327
26955 894
26981 711
26985 142
26987 162
26993 184
26994 209
26997 83
27008 443
27013 764
27023 816
27031 42
27045 862
27065 48
27078 566
27091 111
27097 419
27104 975
27107 553
27112 670
27114 934
27118 186
27119 410
27120 464
27129 502
27135 176
27136 770
27167 197
27191 655
27200 379
27233 493
27235 888
27248 915
27253 749
27254 686
27274 103
27283 341
27302 301
27310 439
27326 597
27333 930
27343 961
27348 215
27362 213
27377 851
27391 181
27397 379
27401 270
27405 860
27406 390
27419 562
27446 667
27448 210
27451 190
27484 391
27504 410
27518 736
27535 747
27539 459
27568 723
27573 482
27575 933
27585 215
27591 191
27601 640
27602 601
27613 296
27616 529
27626 138
27629 563
27634 921
27653 405
27656 13
27676 543
27692 647
27701 114
27712 351
27716 878
27722 103
27723 321
27734 456
27737 387
27747 105
27752 933
27754 937
27779 170
27783 31
27786 420
27792 523
27797 711
27798 842
27803 843
27804 847
27816 705
27827 848
27831 579
27835 236
27840 669
27844 153
27846 408
27853 995
27856 115
27862 459
27879 56
27901 117
27907 581
27909 284
27928 33
27943 111
27948 166
27957 319
27965 564
27975 221
27982 865
27987 762
28008 749
28011 336
28014 443
28019 641
28053 611
28065 449
28067 744
28090 442
28093 33
28127 595
28129 980
28135 308
28146 131
28153 160
28161 754
28167 786
28171 290
28178 7
28186 881
28218 47
28235 561
28260 146
28285 696
28349 412
28355 446
28360 906
28361 311
28362 455
28363 545
28368 593
28393 230
28395 27
28413 558
28427 259
28431 670
28432 518
28438 0
28456 934
28462 498
28469 566
28477 585
28491 739
28498 204
28504 578
28510 464
28517 848
28539 736
28547 519
28549 279
28567 240
28568 3
28584 63
28585 134
28587 501
28599 925
28607 54
28618 860
28623 919
28628 802
28631 901
28634 351
28643 908
28662 945
28670 798
28696 318
28708 135
28716 10
28734 46
28737 199
28743 388
28745 887
28755 487
28757 443
28760 562
28762 220
28765 216
28792 696
28815 577
28817 631
28821 709
28825 400
28832 135
28833 564
28838 307
28841 62
28857 743
28859 655
28867 293
28868 13
28870 859
28890 392
28907 421
28920 395
28942 376
28943 520
28949 504
28952 108
28991 793
28994 218
28996 731
29005 742
29040 377
29052 379
29053 275
29059 382
29060 613
29062 653
29065 901
29069 539
29072 647
29092 463
29123 471
29159 848
29177 267
29181 642
29203 229
29207 528
29223 88
29235 462
29239 632
29247 974
29252 827
29262 41
29287 539
29296 681
29319 515
29325 236
29330 698
29336 592
29343 596
29356 515
29364 987
29378 753
29382 93
29387 794
29398 784
29405 969
29416 230
29429 125
29447 110
29451 937
29478 384
29501 889
29504 320
29512 322
29532 174
29534 209
29543 304
29550 31
29561 233
29563 709
29582 156
29589 50
29591 729
29599 310
29605 226
29668 63
29724 912
29726 422
29728 284
29734 195
29745 848
29749 133
29751 790
29760 798
29767 616
29773 697
29776 915
29785 117
29791 566
29794 742
29807 917
29834 251
29839 217
29844 810
29846 443
29848 680
29872 898
29886 702
29900 82
29907 476
29909 14
29932 0
29935 522
29936 914
29945 297
29953 858
29977 58
29980 246
29987 578
29988 836
30011 587
30019 953
30037 530
30047 747
30048 818
30052 305
30056 275
30066 462
30072 716
30084 420
30103 89
30135 795
30145 721
30154 8
30171 220
30183 124
30213 937
30217 166
30239 531
30245 471
30246 407
30247 134
30249 352
30250 78
30253 469
30254 639
30256 252
30262 268
30267 360
30290 496
30293 831
30301 845
30304 668
30306 767
30315 456
30328 845
30334 498
30339 408
30348 548
30349 646
30360 567
30388 475
30390 197
30412 979
30417 659
30436 377
30440 661
30491 249
30493 380
30500 759
30515 876
30541 245
30545 995
30548 69
30561 798
30576 740
30587 912
30595 599
30620 945
30630 642
30650 210
30659 516
30668 757
30676 327
30709 42
30721 656
30723 424
30731 729
30745 780
30758 238
30763 984
30769 938
30770 765
30792 137
30794 198
30806 557
30809 757
30820 533
30824 826
30831 405
30843 287
30846 924
30884 240
30903 871
30915 427
30925 474
30933 786
30950 845
30964 393
30966 830
30972 834
30975 527
30989 613
31007 303
31057 222
31060 650
31077 712
31080 950
31104 763
31111 733
31119 396
31123 160
31125 213
31130 378
31133 786
31135 720
31137 841
31152 929
31163 990
31174 634
31181 158
31183 622
31187 210
31191 701
31219 668
31225 602
31229 689
31234 357
31235 766
31266 131
31269 879
31277 135
31293 820
31297 683
31319 780
31325 704
31326 628
31333 282
31339 755
31379 327
31381 493
31393 491
31394 994
31409 622
31411 747
31439 255
31443 51
31448 319
31450 574
31452 742
31459 752
31471 197
31475 318
31489 14
31490 971
31506 99
31512 822
31513 1
31531 320
31540 197
31559 325
31560 582
31568 324
31600 520
31615 808
31623 243
31626 925
31651 485
31658 984
31664 940
31667 73
31677 665
31701 108
31708 921
31712 451
31728 349
31729 763
31731 508
31733 653
31743 828
31768 440
31781 234
31822 789
31843 369
31848 107
31875 219
31897 284
31908 633
31919 491
31953 881
31992 581
31995 270
32008 88
32015 207
32063 250
32069 980
32071 863
32074 800
32086 939
32087 274
32090 169
32092 735
32158 190
32170 831
32188 489
32192 842
32209 799
32214 843
32217 828
32256 542
32273 225
32275 569
32279 328
32309 190
32329 869
32350 585
32351 921
32353 806
32373 675
32379 181
32389 241
32396 556
32405 570
32408 198
32423 142
32437 648
32442 567
32450 512
32481 42
32495 891
32507 681
32527 770
32538 144
32558 945
32575 189
32595 494
32601 923
32603 392
32610 505
32612 164
32614 590
32628 391
32641 180
32644 24
32671 377
32680 424
32694 432
32699 490
32701 291
32707 624
32740 738
32780 920
32781 192
32787 244
32805 844
32808 768
32815 665
32816 397
32824 347
32825 99
32837 555
32844 613
32852 931
32855 626
32859 361
32866 925
32904 317
32910 267
32927 368
32929 421
32930 609
32941 552
32944 737
32946 445
32957 781
32972 204
32988 28
32994 83
33005 875
33007 152
33009 963
33018 710
33022 103
33028 809
33040 712
33050 94
33082 398
33096 544
33097 369
33105 590
33106 205
33107 967
33108 450
33110 717
33112 613
33117 233
33126 761
33132 478
33137 14
33138 146
33139 322
33150 857
33171 846
33176 614
33178 952
33189 750
33238 121
33239 480
33270 52
33288 107
33305 283
33328 695
33329 36
33330 851
33352 115
33371 482
33412 722
33420 186
33428 333
33439 726
33442 262
33457 505
33464 706
33482 768
33483 626
33486 122
33492 819
33499 32
33530 650
33550 929
33565 600
33569 425
33579 471
33582 195
33584 411
33602 233
33608 857
33615 643
33624 175
33625 181
33628 318
33634 164
33637 501
33651 974
33656 664
33663 230
33667 821
33693 393
33708 823
33712 492
33720 721
33722 471
33754 978
33769 889
33780 405
33789 855
33791 900
33815 600
33820 171
33834 977
33839 49
33840 478
33858 696
33862 306
33867 462
33871 915
33887 539
33891 1000
33893 831
33895 663
33896 204
33904 411
33913 693
33921 646
33931 374
33937 552
33943 541
33967 384
33987 664
33996 106
34001 420
34002 849
34009 649
34018 894
34020 930
34024 507
34029 326
34030 216
34034 413
34037 893
34049 39
34051 760
34067 952
34093 568
34096 881
34109 124
34112 941
34113 423
34115 923
34131 320
34139 517
34140 225
34142 534
34164 267
34166 969
34180 278
34221 126
34233 664
34255 74
34259 183
34269 702
34299 662
34300 905
34302 141
34305 694
34342 704
34350 91
34356 690
34383 925
34393 266
34397 711
34400 251
34405 766
34406 814
34415 338
34430 812
34432 614
34436 166
34457 394
34462 778
34464 490
34488 801
34508 338
34541 844
34556 795
34563 161
34573 433
34589 968
34592 183
34598 311
34612 909
34636 748
34637 149
34680 208
34684 878
34686 304
34706 224
34712 181
34715 366
34718 165
34729 73
34731 792
34755 685
34760 363
34774 711
34784 1000
34789 303
34799 922
34820 857
34845 731
34849 703
34853 771
34859 420
34878 351
34888 235
34890 391
34899 107
34908 658
34918 742
34921 641
34951 48
34969 18
34970 74
35002 277
35027 849
35038 737
35040 133
35058 208
35064 761
35070 833
35114 953
35140 870
35150 503
35156 92
35157 65
35158 499
35174 803
35180 603
35186 109
35215 248
35232 254
35236 328
35252 892
35258 236
35278 553
35284 685
35286 622
35292 970
35294 357
35321 352
35322 376
35326 502
35333 354
35338 190
35360 241
35365 368
35366 206
35371 663
35374 928
35401 571
35402 216
35415 526
35442 562
35451 195
35466 151
35474 676
35476 178
35491 763
35532 559
35535 877
35540 763
35541 74
35549 113
35555 515
35558 840
35578 938
35583 593
35584 572
35597 310
35601 461
35605 346
35609 17
35666 720
35673 313
35694 4
35727 99
35732 332
35745 124
35746 179
35757 72
35769 158
35788 866
35790 908
35802 331
35808 117
35845 479
35851 800
35862 820
35913 32
35927 438
35928 112
35935 872
35951 507
35963 438
35967 393
35980 795
35986 477
36009 370
36010 53
36035 252
36047 992
36069 828
36080 124
36087 382
36095 30
36111 866
36123 807
36131 525
36138 327
36142 376
36150 752
36153 845
36161 377
36188 464
36201 184
36207 732
36208 620
36213 978
36225 917
36256 25
36266 594
36277 528
36278 768
36283 281
36289 166
36302 271
36305 447
36309 748
36311 57
36323 367
36339 761
36343 12
36346 978
36359 464
36364 458
36369 510
36395 299
36397 808
36402 467
36442 501
36446 335
36448 163
36450 78
36466 638
36479 630
36504 633
36509 128
36526 146
36557 296
36564 506
36567 351
36568 618
36584 774
36589 691
36598 589
36608 237
36610 11
36622 800
36629 397
36635 953
36646 861
36649 101
36656 40
36657 991
36661 705
36670 856
36672 276
36680 889
36702 451
36703 826
36714 233
36729 616
36731 240
36732 538
36743 935
36745 644
36753 288
36756 307
36780 888
36790 286
36791 855
36793 785
36799 286
36803 384
36809 978
36811 569
36822 522
36824 668
36836 323
36866 454
36867 447
36877 581
36882 450
36898 506
36915 371
36941 114
36953 46
36956 220
36957 810
36972 694
36988 753
37000 238
37003 715
37008 413
37019 756
37029 540
37040 538
37067 867
37091 554
37095 781
37113 330
37114 315
37118 42
37120 35
37130 454
37145 917
37170 428
37171 36
37186 150
37189 108
37203 880
37212 417
37229 173
37251 695
37253 335
37258 222
37263 672
37278 116
37282 329
37283 968
37292 409
37298 352
37318 404
37320 701
37329 910
37330 290
37344 183
37375 284
37378 680
37398 833
37403 955
37417 475
37421 59
37427 48
37435 522
37448 694
37461 862
37470 988
37480 379
37488 123
37502 579
37504 500
37516 616
37551 734
37563 599
37574 536
37575 361
37601 186
37611 16
37641 781
37650 638
37655 766
37665 754
37669 343
37685 816
37697 738
37698 64
37702 119
37728 605
37734 100
37749 417
37751 162
37773 577
37784 489
37785 842
37805 109
37814 888
37815 583
37818 260
37835 73
37860 319
37863 582
37866 793
37868 210
37873 633
37883 348
37895 234
37905 927
37936 7
37942 721
37958 368
37964 173
37966 732
37975 626
38003 176
38029 736
38047 969
38086 928
38099 850
38116 220
38117 576
38126 562
38140 564
38157 331
38160 325
38164 7
38186 644
38189 982
38195 929
38198 288
38203 787
38206 173
38216 508
38217 150
38221 51
38245 325
38249 162
38253 332
38277 197
38299 35
38302 136
38321 704
38322 472
38326 377
38328 312
38330 796
38333 400
38338 403
38347 167
38355 979
38372 768
38376 216
38383 827
38414 182
38417 814
38418 290
38423 664
38439 697
38453 346
38465 369
38466 480
38508 745
38512 501
38514 103
38519 463
38538 522
38550 390
38573 678
38579 399
38582 132
38583 142
38595 747
38609 400
38625 742
38626 293
38657 177
38666 855
38676 274
38694 595
38703 80
38713 418
38723 221
38733 612
38737 395
38752 482
38766 655
38769 323
38771 893
38790 504
38795 209
38796 327
38811 228
38821 223
38822 653
38838 689
38856 801
38859 488
38869 737
38886 187
38888 879
38892 231
38899 29
38918 639
38919 355
38943 697
38945 848
38956 483
38993 402
39017 299
39020 781
39022 589
39024 309
39034 713
39048 200
39052 595
39060 688
39065 469
39086 99
39121 246
39122 809
39125 926
39136 453
39158 598
39183 465
39200 645
39209 879
39219 138
39225 683
39234 870
39258 380
39260 285
39275 376
39290 881
39291 581
39293 315
39307 791
39321 378
39335 918
39339 385
39350 554
39367 989
39370 173
39373 750
39399 585
39409 801
39411 952
39414 819
39418 917
39430 982
39442 962
39451 584
39456 798
39457 866
39472 95
39480 540
39487 482
39490 230
39535 132
39536 403
39547 567
39563 715
39581 664
39590 566
39605 92
39610 213
39612 913
39617 110
39625 918
39633 98
39689 138
39694 634
39705 185
39723 343
39732 983
39761 415
39763 868
39777 769
39805 94
39818 115
39821 477
39827 14
39831 612
39850 697
39854 497
39865 772
39869 690
39885 443
39891 116
39893 39
39896 277
39901 232
39918 178
39928 171
39951 979
39962 381
39963 289
39979 439
39980 766
39985 710
39992 920
39993 3
40000 441
40001 224
40027 896
40031 808
40033 404
40043 705
40044 728
40048 338
40051 477
40053 426
40069 708
40070 31
40103 654
40113 473
40126 301
40133 495
40157 94
40160 846
40164 278
40168 136
40171 790
40174 370
40181 943
40183 485
40191 990
40192 805
40208 959
40209 830
40224 805
40229 225
40234 561
40236 626
40238 338
40257 596
40258 234
40259 934
40264 230
40270 208
40278 797
40283 990
40286 40
40303 753
40323 894
40335 790
40345 815
40350 832
40357 406
40367 359
40368 273
40380 817
40382 369
40386 462
40411 259
40412 48
40417 386
40430 726
40436 751
40442 99
40457 140
40461 526
40475 160
40476 516
40479 587
40490 420
40503 688
40531 877
40544 987
40548 327
40554 724
40562 116
40568 206
40573 899
40591 797
40597 818
40603 589
40610 842
40619 116
40621 858
40640 189
40656 770
40669 988
40670 840
40683 767
40701 981
40716 117
40729 555
40735 490
40747 653
40749 340
40762 719
40793 374
40802 847
40821 165
40829 29
40838 66
40848 322
40870 75
40878 534
40884 444
40897 950
40905 311
40906 0
40911 547
40915 664
40922 171
40929 412
40933 660
40937 681
40945 308
40949 45
40956 239
40958 471
40959 206
40982 899
40999 287
41011 33
41046 165
41050 506
41051 615
41062 904
41063 416
41082 745
41100 302
41102 537
41111 55
41113 450
41123 996
41129 302
41142 531
41147 502
41153 517
41155 202
41161 195
41167 543
41171 587
41193 91
41230 399
41232 704
41239 451
41252 75
41266 638
41272 406
41278 479
41281 954
41304 951
41308 763
41340 365
41347 200
41349 698
41353 594
41381 441
41386 904
41390 420
41396 445
41412 364
41437 46
41443 277
41450 389
41460 862
41468 27
41492 912
41498 28
41511 302
41525 885
41528 775
41530 969
41531 540
41569 255
41579 175
41583 719
41589 272
41594 593
41596 646
41599 191
41601 680
41603 406
41608 211
41635 377
41639 650
41641 570
41644 807
41669 26
41670 228
41685 264
41689 106
41702 951
41708 972
41712 465
41724 546
41734 244
41751 533
41755 244
41766 629
41786 2
41799 70
41801 859
41803 176
41817 79
41840 80
41857 159
41865 766
41869 904
41874 50
41881 642
41885 375
41914 298
41925 736
41931 802
41958 320
41984 317
41985 230
41989 482
42012 792
42017 425
42019 920
42020 486
42045 666
42048 885
42072 552
42075 414
42086 894
42091 945
42129 930
42131 198
42140 705
42141 319
42142 441
42153 369
42162 608
42181 416
42201 351
42207 125
42256 797
42264 264
42286 737
42288 94
42296 313
42300 130
42301 285
42302 693
42304 953
42332 312
42342 556
42352 71
42358 427
42360 737
42364 73
42372 437
42411 888
42426 278
42431 683
42434 90
42439 296
42453 144
42454 692
42464 712
42471 165
42476 681
42484 661
42507 865
42515 521
42516 124
42519 840
42525 917
42539 525
42553 600
42562 762
42587 276
42590 967
42607 153
42612 439
42614 567
42615 934
42622 470
42623 993
42625 121
42633 264
42635 883
42662 659
42686 869
42687 98
42703 143
42712 105
42715 891
42724 383
42731 289
42735 937
42741 281
42750 482
42751 109
42760 877
42765 160
42772 806
42775 118
42779 930
42799 514
42805 507
42810 473
42815 941
42822 313
42837 529
42840 511
42842 781
42849 808
42852 703
42855 61
42861 24
42863 679
42885 285
42895 505
42931 977
42947 441
42967 216
42971 965
43010 721
43011 465
43020 334
43056 765
43066 122
43068 491
43073 899
43085 447
43110 222
43140 914
43145 977
43154 877
43156 914
43164 195
43169 758
43176 459
43181 771
43186 382
43191 964
43192 962
43196 359
43215 213
43217 371
43218 385
43223 323
43234 12
43253 532
43256 411
43276 439
43285 528
43286 993
43288 322
43292 732
43298 38
43303 491
43319 246
43327 90
43331 686
43340 446
43346 601
43348 188
43349 294
43374 867
43382 589
43395 437
43397 934
43406 577
43424 65
43427 788
43429 436
43454 713
43467 557
43480 481
43513 463
43515 750
43524 756
43531 90
43532 12
43547 470
43556 860
43567 556
43585 475
43614 171
43620 299
43628 171
43631 316
43641 987
43648 472
43692 157
43696 46
43726 153
43727 839
43736 282
43737 615
43741 848
43749 270
43762 835
43768 449
43788 720
43793 271
43798 548
43813 719
43821 568
43849 863
43850 800
43869 290
43872 240
43879 806
43893 328
43894 436
43898 487
43944 14
43948 219
43950 400
43953 489
43960 131
43963 862
43966 217
43971 7
43991 932
44031 68
44035 299
44043 81
44058 171
44106 281
44119 396
44134 618
44153 856
44156 137
44158 313
44165 840
44176 188
44181 222
44190 509
44205 347
44208 120
44214 267
44224 750
44249 189
44250 541
44257 581
44274 88
44281 577
44290 405
44292 148
44293 35
44311 147
44316 485
44334 428
44341 777
44365 147
44375 330
44376 523
44431 599
44441 716
44445 510
44446 419
44447 111
44457 315
44464 443
44498 708
44511 551
44514 960
44521 786
44531 921
44535 263
44548 474
44575 638
44577 451
44585 553
44606 953
44607 970
44611 894
44617 143
44620 783
44622 954
44631 289
44632 188
44638 536
44642 662
44647 9
44667 149
44676 989
44681 267
44694 158
44703 98
44718 37
44736 199
44747 744
44752 893
44785 998
44792 146
44802 533
44806 161
44810 571
44814 796
44819 849
44839 161
44845 545
44859 547
44906 565
44911 391
44913 965
44920 306
44936 550
44941 957
44942 183
44978 350
44992 792
45005 953
45009 746
45011 737
45020 993
45029 284
45037 583
45040 138
45057 753
45092 22
45095 485
45113 363
45118 101
45126 67
45129 840
45130 98
45144 142
45155 918
45156 449
45158 736
45160 189
45162 68
45170 22
45171 570
45177 175
45178 811
45196 269
45219 492
45233 235
45259 203
45273 903
45291 162
45293 383
45300 177
45310 575
45320 12
45321 34
45339 267
45367 767
45377 250
45378 329
45386 721
45388 823
45412 887
45414 889
45424 740
45439 913
45445 191
45447 498
45461 741
45467 312
45475 860
45478 915
45487 114
45494 350
45496 404
45499 630
45517 821
45530 721
45542 390
45555 83
45566 844
45572 391
45578 583
45598 55
45608 794
45609 330
45610 820
45613 126
45615 331
45627 855
45629 746
45635 814
45647 790
45651 15
45653 797
45664 821
45669 814
45692 721
45729 497
45739 525
45741 992
45774 699
45784 552
45786 630
45788 241
45795 88
45811 416
45822 216
45847 164
45871 784
45872 645
45889 866
45909 65
45911 728
45921 973
45934 170
45940 384
45958 419
45964 145
45965 747
45976 144
45981 155
45993 261
46002 371
46030 121
46034 806
46046 939
46058 912
46072 684
46086 894
46101 70
46102 212
46111 328
46113 788
46119 689
46121 788
46126 126
46130 701
46138 175
46153 668
46160 227
46161 522
46172 894
46174 291
46188 666
46194 959
46199 664
46204 488
46209 315
46225 989
46237 566
46244 448
46262 386
46264 612
46269 261
46298 166
46327 421
46329 915
46332 625
46345 167
46364 212
46374 746
46375 371
46379 267
46382 416
46394 110
46405 948
46415 855
46419 71
46423 749
46436 704
46443 307
46447 632
46456 422
46462 32
46464 561
46468 257
46474 833
46484 395
46485 826
46490 32
46512 407
46516 366
46519 666
46537 816
46549 49
46571 603
46572 221
46619 454
46625 419
46637 516
46647 254
46665 480
46668 924
46673 634
46675 659
46687 328
46692 97
46693 972
46705 112
46708 770
46709 187
46729 329
46733 96
46747 970
46749 65
46775 332
46818 901
46827 840
46831 232
46840 130
46866 633
46876 361
46881 674
46889 467
46892 648
46894 717
46899 643
46907 740
46911 501
46913 812
46917 327
46920 783
46931 411
46968 199
46971 188
46984 864
46994 543
46998 671
46999 500
47017 726
47034 433
47041 666
47048 41
47065 993
47076 758
47077 7
47080 601
47094 605
47103 668
47111 945
47118 969
47119 287
47122 974
47128 132
47132 861
47156 762
47160 550
47185 91
47193 31
47214 243
47216 631
47234 52
47243 83
47253 97
47286 306
47302 717
47313 251
47315 855
47326 420
47333 715
47334 154
47366 289
47371 935
47375 631
47390 759
47395 967
47401 949
47402 796
47403 255
47407 858
47410 803
47412 479
47413 690
47414 654
47415 831
47416 744
47449 339
47451 430
47454 223
47460 563
47461 279
47480 273
47486 184
47502 611
47504 42
47505 661
47514 966
47518 366
47531 736
47533 445
47540 457
47552 259
47554 40
47569 989
47586 826
47587 719
47598 932
47616 644
47620 182
47624 632
47633 306
47668 254
47679 206
47692 288
47698 498
47703 643
47712 762
47713 563
47723 18
47730 51
47776 731
47792 694
47819 723
47827 774
47844 253
47845 708
47865 132
47890 821
47895 327
47912 481
47927 744
47934 469
47941 780
47954 330
47965 765
47975 998
47999 651
48000 610
48012 831
48032 939
48034 201
48043 581
48045 619
48047 710
48050 403
48056 994
48061 18
48065 632
48071 340
48077 784
48082 478
48083 281
48085 189
48095 211
48101 805
48116 622
48120 944
48123 804
48142 364
48160 660
48188 943
48204 566
48218 26
48239 418
48244 813
48261 719
48265 518
48266 509
48277 517
48282 508
48288 87
48300 854
48310 384
48314 215
48316 936
48321 337
48326 518
48328 298
48333 695
48340 16
48341 144
48360 362
48369 405
48370 493
48377 344
48389 570
48408 755
48422 3
48426 157
48431 442
48435 258
48442 353
48443 489
48453 122
48457 706
48466 126
48471 433
48485 499
48493 122
48503 356
48530 509
48536 734
48580 86
48599 591
48627 871
48648 486
48649 831
48653 552
48662 738
48668 762
48669 495
48670 739
48684 622
48691 571
48714 71
48721 427
48727 353
48744 682
48768 101
48769 760
48775 720
48785 871
48793 697
48804 933
48825 257
48831 823
48838 687
48857 707
48885 15
48890 315
48899 749
48907 833
48939 702
48943 98
48944 179
48947 127
48951 831
48967 773
48979 234
48981 66
48985 633
48989 266
49008 726
49009 727
49014 420
49015 498
49023 35
49026 33
49028 10
49041 128
49046 288
49061 364
49075 267
49103 456
49118 286
49119 329
49123 614
49127 516
49150 650
49152 2
49159 854
49180 816
49193 377
49197 992
49218 417
49256 599
49277 786
49287 396
49291 753
49293 379
49332 979
49341 765
49352 179
49355 102
49359 227
49388 964
49390 264
49396 659
49403 66
49409 30
49415 431
49421 75
49423 643
49433 724
49437 889
49446 988
49475 704
49491 152
49492 926
49502 218
49509 837
49526 358
49529 608
49532 644
49542 727
49553 767
49554 274
49559 723
49564 301
49578 632
49588 651
49608 822
49610 425
49624 683
49640 381
49669 373
49673 147
49695 525
49701 988
49717 452
49719 155
49727 614
49740 847
49744 869
49746 149
49751 734
49759 992
49761 539
49779 890
49787 722
49823 447
49856 128
49859 458
49864 491
49865 872
49896 975
49903 581
49904 530
49910 655
49920 734
49926 314
49929 417
49933 732
49943 711
49950 523
49957 466
49958 28
49971 455
49981 768
49985 922
50005 877
50007 585
50010 557
50017 121
50023 102
50037 753
50046 393
50049 273
50050 668
50052 701
50060 158
50074 695
50075 422
50086 105
50094 856
50101 606
50128 956
50130 345
50161 476
50186 816
50201 6
50204 997
50213 54
50217 747
50236 60
50237 507
50243 665
50272 730
50279 633
50284 903
50296 509
50297 200
50310 971
50315 991
50349 896
50354 92
50368 635
50375 856
50393 784
50395 164
50420 191
50426 913
50428 790
50429 963
50441 57
50447 183
50456 520
50481 937
50507 948
50515 970
50529 882
50532 97
50544 588
50545 267
50566 510
50578 309
50582 618
50592 690
50600 412
50601 608
50610 537
50615 274
50624 667
50627 327
50637 494
50641 375
50661 406
50662 29
50666 994
50678 303
50684 52
50685 339
50692 726
50695 164
50698 166
50725 738
50728 250
50740 958
50745 746
50752 191
50779 393
50780 399
50797 845
50801 281
50804 350
50819 189
50825 783
50827 684
50848 635
50859 301
50880 888
50889 17
50894 667
50897 926
50903 162
50906 492
50908 174
50920 392
50932 315
50956 255
50979 71
50982 749
50986 67
50992 75
50995 683
51000 302
51003 784
51009 989
51019 377
51021 623
51034 909
51046 760
51070 990
51108 715
51117 492
51119 758
51121 985
51130 229
51142 411
51149 682
51157 264
51171 713
51214 337
51225 486
51235 509
51237 990
51258 559
51278 54
51284 455
51288 871
51289 514
51295 691
51303 464
51312 412
51332 403
51357 605
51383 848
51390 449
51391 615
51398 86
51407 855
51409 203
51413 590
51414 980
51426 341
51434 576
51458 94
51461 543
51472 149
51474 908
51510 930
51515 504
51520 646
51528 900
51529 826
51530 843
51557 760
51558 370
51570 158
51574 208
51583 369
51585 722
51597 493
51599 919
51615 23
51618 597
51620 118
51628 8
51651 123
51655 667
51660 311
51666 816
51671 279
51686 126
51697 725
51702 865
51733 452
51746 802
51749 115
51750 554
51755 95
51756 841
51765 309
51783 589
51786 262
51794 937
51821 308
51835 560
51853 693
51857 142
51861 499
51862 427
51866 148
51879 262
51895 593
51922 459
51935 22
51954 757
52003 174
52012 686
52016 50
52033 115
52040 875
52056 489
52066 963
52069 334
52079 698
52082 94
52084 1
52086 862
52088 605
52108 562
52120 862
52124 91
52141 414
52156 667
52175 790
52179 927
52200 359
52207 170
52213 218
52237 777
52248 668
52251 194
52262 548
52284 924
52286 413
52290 127
52293 865
52301 79
52307 191
52312 603
52314 943
52315 188
52344 490
52361 956
52367 583
52370 107
52372 77
52387 754
52398 801
52411 822
52441 1000
52464 704
52469 241
52473 513
52506 637
52513 956
52533 548
52542 80
52545 339
52553 408
52558 227
52562 482
52572 398
52574 822
52603 404
52620 768
52660 734
52665 968
52667 297
52669 478
52670 820
52673 834
52674 921
52697 327
52698 259
52704 998
52705 397
52712 217
52713 253
52715 531
52717 902
52731 285
52734 92
52744 548
52748 874
52757 731
52758 931
52765 192
52770 1
52774 443
52812 140
52834 541
52840 49
52844 427
52854 798
52859 138
52865 68
52885 171
52900 482
52904 395
52915 145
52951 434
52956 885
52962 894
52967 628
52969 122
52976 773
52981 352
52997 586
53002 209
53027 735
53031 618
53054 503
53057 436
53066 477
53071 422
53078 46
53081 787
53109 222
53110 720
53111 515
53113 999
53116 571
53125 337
53126 493
53144 139
53146 964
53164 447
53166 888
53173 427
53174 598
53188 533
53195 194
53199 243
53201 287
53205 885
53228 714
53240 987
53279 625
53297 373
53301 259
53316 483
53319 82
53324 592
53339 42
53342 246
53344 362
53346 251
53348 479
53351 361
53397 590
53400 441
53420 401
53434 970
53435 340
53455 163
53463 749
53506 829
53510 69
53515 576
53520 438
53526 886
53550 47
53557 638
53562 502
53567 688
53589 506
53590 45
53591 163
53593 32
53597 506
53603 165
53607 5
53622 234
53646 48
53647 827
53657 325
53666 547
53667 797
53668 623
53671 824
53674 541
53677 411
53680 663
53694 611
53695 737
53697 303
53735 233
53745 588
53755 105
53781 670
53787 713
53790 210
53803 982
53826 63
53838 639
53848 958
53857 275
53876 280
53879 452
53889 263
53905 11
53910 858
53918 748
53933 962
53942 774
53985 607
54007 555
54019 973
54027 936
54040 301
54062 928
54067 497
54075 571
54102 401
54114 867
54134 322
54141 713
54168 591
54173 435
54180 150
54205 545
54206 524
54249 285
54253 675
54256 768
54258 40
54275 423
54277 797
54293 912
54296 727
54297 412
54299 776
54318 339
54341 393
54354 242
54356 664
54370 698
54373 295
54387 762
54390 476
54394 786
54429 131
54433 864
54436 134
54438 773
54444 190
54446 425
54455 152
54475 646
54485 704
54495 193
54497 825
54509 641
54513 855
54525 787
54527 793
54531 812
54533 1
54535 511
54542 48
54543 361
54546 925
54558 245
54576 364
54601 170
54607 284
54608 36
54614 736
54618 159
54620 82
54628 253
54637 658
54640 355
54647 88
54650 854
54668 937
54685 413
54703 722
54728 842
54731 0
54734 34
54744 283
54745 299
54758 466
54769 343
54799 252
54801 226
54805 829
54815 271
54818 60
54821 513
54832 578
54842 495
54855 519
54858 96
54859 17
54863 635
54873 425
54882 427
54883 217
54898 19
54955 402
54960 759
54963 314
54968 122
54977 593
54982 586
54990 415
55013 963
55020 212
55021 654
55028 220
55032 36
55076 549
55106 54
55119 504
55128 580
55141 750
55158 925
55161 187
55163 627
55167 538
55169 449
55170 860
55173 294
55197 869
55204 461
55207 550
55240 688
55247 114
55254 671
55255 197
55259 173
55265 133
55276 939
55289 369
55300 73
55327 681
55356 974
55358 162
55377 464
55393 520
55402 122
55404 249
55407 671
55424 764
55428 767
55433 177
55435 887
55447 862
55457 495
55458 648
55460 143
55463 284
55474 337
55479 115
55481 174
55483 559
55489 768
55494 211
55510 384
55512 527
55519 857
55532 877
55546 279
55557 751
55560 255
55564 552
55574 226
55594 484
55600 83
55608 754
55614 597
55622 497
55624 649
55631 418
55634 823
55640 194
55647 421
55649 34
55650 666
55652 684
55655 488
55682 886
55700 73
55703 181
55718 29
55729 283
55748 92
55758 142
55784 60
55800 313
55804 143
55808 442
55821 553
55823 666
55836 423
55863 9
55876 768
55877 576
55903 758
55904 341
55907 564
55908 710
55910 861
55920 307
55923 955
55925 821
55944 645
55947 601
55948 521
55951 506
55976 281
55996 727
56003 955
56014 577
56041 716
56050 952
56075 850
56076 420
56078 903
56085 4
56087 236
56096 37
56114 424
56119 166
56120 643
56130 395
56131 830
56134 511
56137 416
56138 483
56151 388
56159 208
56165 862
56168 35
56174 746
56194 714
56196 825
56206 537
56210 912
56217 134
56220 298
56235 966
56242 411
56265 437
56267 660
56292 193
56304 567
56306 549
56313 101
56323 3
56326 76
56351 176
56356 698
56357 72
56374 62
56375 343
56412 13
56416 297
56417 619
56420 816
56425 711
56432 944
56447 761
56448 63
56454 564
56458 113
56460 718
56474 923
56476 584
56480 268
56490 325
56494 181
56514 296
56540 732
56562 269
56577 335
56581 251
56586 320
56592 790
56603 649
56622 205
56627 109
56639 640
56642 787
56645 407
56648 655
56658 384
56663 222
56701 650
56709 753
56715 853
56718 143
56720 719
56735 82
56738 894
56740 190
56744 606
56747 856
56752 654
56781 443
56813 80
56817 725
56833 333
56877 714
56879 228
56881 259
56887 939
56890 420
56893 20
56902 46
56907 24
56915 947
56926 118
56927 747
56967 9
56987 659
56992 94
57004 931
57009 791
57014 875
57020 344
57031 359
57038 852
57046 946
57060 102
57072 723
57080 186
57083 810
57087 454
57094 454
57106 671
57107 23
57126 554
57155 98
57178 285
57191 513
57208 737
57220 234
57259 40
57267 964
57271 38
57276 16
57293 987
57294 84
57299 627
57303 901
57310 378
57323 858
57331 913
57345 296
57357 216
57373 200
57378 607
57394 42
57408 814
57414 279
57415 161
57419 401
57433 858
57435 338
57441 549
57443 294
57455 51
57463 478
57473 341
57474 871
57477 521
57486 815
57501 986
57528 144
57534 281
57536 593
57544 560
57548 198
57557 813
57578 750
57591 973
57592 66
57597 10
57599 599
57620 263
57632 94
57633 812
57636 434
57664 319
57665 744
57678 163
57703 867
57708 61
57719 6
57746 772
57756 5
57763 33
57800 425
57812 379
57852 976
57854 773
57863 921
57869 529
57874 855
57879 167
57900 920
57903 172
57908 51
57910 50
57927 258
57930 8
57958 39
57960 552
57966 477
57989 193
58011 138
58017 125
58041 159
58058 205
58065 325
58104 715
58119 469
58150 223
58162 669
58175 429
58201 364
58214 670
58248 643
58252 494
58258 375
58261 280
58269 315
58270 147
58274 738
58279 359
58289 968
58290 529
58296 30
58301 106
58302 711
58310 154
58324 630
58326 219
58364 955
58370 927
58376 9
58448 464
58454 23
58461 706
58468 469
58475 393
58479 956
58485 98
58496 571
58501 595
58503 139
58509 376
58517 842
58518 829
58529 529
58533 738
58548 358
58588 185
58591 11
58592 759
58605 805
58629 344
58649 301
58655 409
58662 763
58663 534
58667 723
58673 20
58675 211
58678 852
58680 843
58685 646
58693 747
58717 506
58727 928
58730 66
58740 924
58749 673
58767 132
58777 733
58790 76
58798 746
58804 556
58812 993
58813 501
58827 759
58839 832
58841 67
58853 630
58854 88
58861 349
58863 249
58868 553
58882 448
58893 180
58894 10
58900 867
58914 272
58929 503
58952 569
58971 759
58974 639
58985 179
59005 942
59011 594
59014 667
59031 978
59038 459
59042 325
59058 471
59059 583
59072 493
59090 856
59091 582
59100 104
59125 518
59176 744
59188 732
59202 653
59210 908
59214 772
59217 211
59218 621
59223 517
59229 776
59266 330
59267 189
59269 407
59272 270
59273 265
59290 890
59322 851
59324 485
59333 787
59335 316
59336 397
59342 892
59348 944
59371 428
59383 459
59400 706
59403 819
59406 852
59416 848
59427 281
59464 518
59474 260
59481 744
59483 702
59489 578
59493 83
59510 298
59512 661
59535 813
59544 111
59552 727
59568 148
59578 327
59587 456
59595 348
59601 561
59611 108
59634 726
59647 837
59668 851
59673 469
59674 921
59694 853
59704 323
59705 797
59706 373
59717 521
59736 671
59741 765
59745 688
59763 518
59786 161
59792 121
59796 415
59810 240
59812 467
59819 58
59820 678
59826 37
59838 865
59848 228
59852 761
59892 907
59898 419
59906 402
59913 625
59941 623
59953 190
59971 109
59989 354
59991 809
59997 817
60023 2
60027 362
60031 297
60049 98
60064 411
60066 233
60072 611
60093 677
60109 149
60113 985
60117 534
60134 305
60136 696
60149 726
60157 435
60161 410
60191 540
60192 680
60198 492
60203 179
60214 386
60227 778
60229 835
60241 464
60246 312
60250 253
60260 617
60289 802
60298 186
60302 792
60336 40
60346 141
60369 275
60372 734
60399 833
60415 118
60431 315
60443 920
60457 575
60461 541
60463 88
60475 136
60477 826
60490 917
60504 368
60507 121
60510 32
60527 332
60534 227
60538 782
60543 130
60547 344
60553 59
60557 386
60561 121
60563 451
60585 135
60604 81
60607 553
60609 497
60614 912
60615 905
60620 473
60625 290
60643 110
60665 311
60667 363
60668 925
60683 601
60684 622
60696 8
60705 438
60712 990
60721 58
60731 197
60754 482
60755 472
60756 192
60778 932
60810 451
60812 417
60813 49
60818 300
60838 574
60844 219
60851 895
60852 164
60857 404
60859 313
60872 58
60907 129
60912 39
60926 364
60936 458
60979 62
60987 246
61003 426
61015 552
61022 994
61023 186
61031 785
61045 893
61056 708
61065 436
61067 436
61085 876
61087 135
61088 589
61115 339
61118 144
61120 626
61121 298
61127 382
61131 149
61135 488
61138 628
61142 427
61177 764
61222 199
61231 371
61236 730
61245 452
61255 992
61259 928
61266 428
61287 326
61290 447
61310 676
61315 912
61322 829
61324 298
61331 747
61346 317
61353 759
61359 701
61364 88
61366 464
61377 341
61398 237
61400 446
61401 18
61406 420
61433 620
61445 467
61450 604
61460 427
61468 700
61480 583
61501 989
61503 822
61504 332
61505 392
61511 228
61519 744
61524 305
61541 233
61547 326
61557 374
61558 249
61560 534
61566 327
61568 223
61570 455
61591 775
61593 28
61594 794
61606 794
61607 310
61631 926
61636 593
61637 850
61640 731
61642 902
61644 581
61654 146
61664 101
61680 89
61700 305
61709 671
61729 63
61731 436
61732 285
61756 957
61760 911
61787 564
61809 143
61815 120
61819 514
61820 203
61824 398
61835 402
61837 146
61880 106
61882 506
61889 149
61894 521
61903 388
61908 219
61909 227
61910 164
61917 742
61920 487
61944 998
61945 205
61958 760
61962 150
61966 511
61981 607
61984 621
61986 156
61988 254
61992 940
61993 487
61998 301
62035 684
62042 851
62044 903
62046 358
62051 714
62078 306
62079 932
62087 842
62088 9
62105 121
62107 621
62123 190
62125 900
62129 289
62140 644
62160 172
62165 669
62170 108
62181 994
62182 926
62184 416
62195 634
62202 868
62205 838
62228 350
62229 223
62239 854
62241 41
62248 427
62249 998
62264 257
62272 148
62278 780
62285 379
62286 236
62287 749
62321 518
62325 417
62327 326
62331 998
62339 171
62347 676
62351 884
62366 669
62401 197
62405 34
62416 979
62426 769
62432 505
62433 822
62449 700
62465 637
62470 619
62505 667
62527 338
62551 888
62569 740
62576 674
62582 663
62600 898
62608 559
62615 991
62647 999
62680 666
62682 519
62696 494
62702 646
62707 459
62711 531
62724 559
62748 665
62761 845
62763 988
62773 797
62790 105
62791 501
62794 482
62798 564
62817 469
62818 767
62823 722
62830 542
62840 800
62841 844
62860 241
62875 248
62883 430
62887 80
62911 372
62915 454
62924 174
62934 303
62944 156
62950 948
62953 963
62957 95
62960 550
62962 569
62982 888
63000 883
63032 932
63041 800
63048 598
63057 211
63064 534
63084 76
63085 855
63086 78
63090 804
63095 244
63101 265
63102 705
63116 448
63122 385
63131 276
63152 510
63162 361
63193 770
63194 430
63201 920
63203 341
63209 389
63211 897
63219 42
63223 801
63227 738
63246 705
63250 681
63263 938
63298 243
63300 718
63311 103
63312 66
63324 786
63344 790
63351 387
63355 847
63361 58
63364 631
63382 672
63386 878
63389 36
63393 329
63406 988
63407 394
63414 20
63419 398
63425 894
63427 985
63428 885
63437 736
63438 289
63445 442
63451 628
63457 511
63460 631
63469 918
63471 875
63478 525
63489 445
63507 411
63509 639
63511 346
63525 24
63544 490
63553 664
63574 725
63585 399
63589 936
63594 420
63595 403
63613 519
63625 430
63654 730
63676 644
63678 171
63683 542
63688 91
63691 778
63697 600
63699 233
63703 995
63705 639
63708 813
63728 951
63740 270
63744 436
63746 34
63755 215
63756 919
63759 987
63776 834
63782 184
63791 724
63802 794
63814 792
63815 399
63823 508
63834 430
63838 335
63863 766
63884 98
63902 840
63904 742
63925 616
63939 213
63941 455
63952 615
63996 358
64005 564
64034 777
64043 246
64060 858
64080 8
64085 462
64092 817
64096 403
64115 22
64122 249
64125 128
64130 60
64147 587
64152 665
64170 635
64177 375
64215 347
64235 647
64243 587
64254 707
64255 648
64268 631
64298 475
64301 427
64313 357
64321 905
64327 438
64334 616
64339 430
64356 538
64367 842
64370 462
64379 744
64381 762
64393 620
64412 877
64420 715
64421 260
64435 122
64437 793
64450 249
64460 639
64463 228
64482 784
64489 105
64501 226
64508 875
64514 700
64522 153
64525 80
64548 978
64550 750
64563 981
64595 794
64609 308
64613 798
64633 743
64635 881
64638 997
64667 797
64674 984
64678 571
64694 9
64700 759
64712 58
64718 580
64724 450
64726 400
64728 350
64740 527
64754 532
64758 207
64778 647
64780 955
64801 803
64803 275
64807 90
64814 963
64842 292
64862 891
64863 523
64864 650
64871 809
64894 721
64895 904
64899 416
64905 242
64909 731
64922 395
64923 309
64932 762
64935 732
64944 208
64945 497
64950 665
64962 210
64984 85
64988 772
65005 504
65030 519
65050 928
65060 253
65066 501
65068 164
65078 293
65083 527
65086 559
65101 390
65110 870
65131 293
65144 292
65162 641
65174 580
65177 205
65194 662
65195 442
65197 858
65216 63
65230 193
65233 668
65264 241
65265 500
65269 348
65272 831
65289 551
65293 556
65300 507
65309 206
65315 998
65321 534
65342 856
65348 708
65374 616
65383 775
65388 690
65416 303
65417 803
65453 728
65463 429
65477 260
65489 287
65493 571
65500 901
65506 603
65509 970
65512 508
65514 317
65516 259
65557 408
65585 184
65594 236
65595 715
65598 902
65603 170
65608 152
65609 438
65613 68
65614 506
65621 462
65631 807
65633 98
65634 168
65642 330
65646 722
65658 493
65660 914
65664 1000
65671 293
65673 325
65689 700
65695 186
65696 791
65699 698
65709 14
65712 331
65725 46
65730 14
65733 914
65745 955
65761 702
65767 361
65777 779
65792 499
65799 382
65803 327
65806 120
65811 437
65825 455
65834 430
65840 547
65844 93
65852 337
65864 82
65869 798
65876 908
65879 99
65885 344
65890 649
65893 108
65897 799
65898 407
65900 282
65912 82
65918 640
65927 920
65936 762
65942 202
65945 804
65948 562
65949 516
65953 707
65958 777
65960 108
65972 258
65979 415
65993 912
65994 889
65996 914
65999 482
66003 940
66008 598
66014 141
66016 914
66028 695
66037 689
66038 236
66052 103
66059 405
66062 345
66072 166
66073 272
66085 362
66092 26
66115 219
66128 292
66136 29
66143 59
66148 199
66204 139
66217 4
66221 908
66229 374
66240 712
66243 93
66248 247
66249 233
66250 464
66261 107
66277 110
66295 860
66303 584
66305 912
66308 107
66312 301
66314 799
66323 37
66325 295
66358 512
66360 105
66368 571
66373 159
66375 935
66385 218
66399 714
66412 526
66413 212
66429 763
66432 364
66434 358
66440 334
66451 895
66454 12
66462 570
66471 738
66487 599
66489 576
66506 608
66514 48
66524 555
66542 300
66550 644
66551 127
66552 63
66556 899
66560 73
66571 694
66597 25
66618 370
66628 77
66641 145
66656 651
66660 119
66665 19
66668 389
66671 813
66677 916
66709 611
66710 478
66723 988
66731 111
66741 412
66745 747
66751 447
66754 378
66763 51
66764 761
66782 782
66799 609
66818 875
66820 558
66843 646
66872 813
66878 694
66891 381
66902 832
66914 464
66923 990
66974 626
66978 192
66986 799
67020 726
67022 585
67043 589
67056 873
67061 676
67062 80
67063 932
67074 496
67082 343
67087 37
67088 73
67089 29
67094 774
67113 291
67116 700
67131 114
67154 47
67165 450
67173 647
67176 830
67179 747
67186 839
67207 199
67211 761
67213 449
67214 244
67228 6
67236 679
67249 674
67261 431
67267 144
67286 469
67306 240
67321 204
67330 656
67333 495
67339 890
67343 31
67346 336
67362 956
67365 435
67373 984
67379 830
67386 719
67399 357
67406 315
67428 819
67448 279
67475 701
67476 621
67480 700
67487 457
67506 570
67528 385
67545 58
67547 778
67551 599
67558 608
67573 733
67575 754
67614 100
67627 907
67660 997
67668 280
67693 601
67698 607
67719 646
67722 831
67735 338
67740 432
67744 404
67746 960
67780 840
67788 693
67799 977
67805 647
67838 822
67852 759
67855 351
67857 369
67864 994
67866 612
67913 936
67916 478
67920 768
67924 904
67925 830
67935 863
67939 905
67961 450
67969 555
67973 682
67987 457
67988 824
68008 558
68024 424
68029 658
68030 273
68058 61
68062 489
68079 701
68092 932
68097 223
68099 987
68120 560
68127 5
68151 838
68160 767
68161 916
68164 877
68165 557
68179 631
68181 408
68183 167
68214 607
68216 64
68237 56
68252 179
68263 144
68268 136
68275 555
68290 981
68292 400
68296 919
68323 827
68324 277
68325 232
68326 576
68331 459
68358 115
68359 80
68374 607
68380 126
68383 36
68398 289
68402 260
68412 383
68428 672
68446 19
68464 4
68483 778
68508 299
68515 334
68525 353
68527 175
68534 816
68562 999
68570 391
68575 622
68584 310
68593 659
68596 269
68598 598
68638 481
68666 875
68678 962
68688 578
68691 470
68693 487
68694 759
68711 677
68718 349
68729 200
68744 867
68778 710
68780 390
68789 780
68804 241
68818 147
68829 63
68832 135
68840 97
68841 868
68843 265
68853 725
68857 307
68861 429
68874 70
68883 616
68895 792
68909 806
68913 173
68921 955
68927 662
68931 353
68933 527
68944 554
68957 934
68961 229
68969 73
68970 820
68975 965
68983 445
68990 93
68994 105
69003 809
69021 292
69033 142
69060 171
69070 311
69074 221
69117 964
69128 248
69132 205
69151 331
69153 748
69165 646
69170 28
69190 141
69235 958
69237 726
69244 762
69249 476
69282 458
69285 839
69297 204
69298 55
69304 668
69306 834
69323 770
69335 870
69337 415
69360 717
69362 5
69366 602
69367 809
69406 526
69411 10
69412 233
69415 817
69417 144
69434 73
69436 4
69438 385
69444 313
69448 959
69457 548
69464 223
69467 94
69485 419
69489 615
69511 658
69515 149
69525 887
69528 269
69563 874
69571 358
69573 168
69598 854
69609 366
69618 978
69622 596
69627 266
69640 824
69641 197
69664 177
69679 998
69681 577
69685 890
69689 872
69691 30
69705 453
69719 182
69722 732
69741 727
69756 1
69763 210
69770 550
69781 324
69786 433
69802 947
69820 82
69829 468
69830 967
69833 29
69838 705
69840 88
69848 758
69874 550
69880 284
69882 629
69883 449
69884 120
69898 612
69928 412
69933 764
69937 141
69945 585
69951 599
69954 509
69957 783
69962 415
69971 762
69990 252
69991 861
69999 494
70003 173
70011 303
70019 256
70020 787
70038 532
70041 949
70081 125
70110 899
70122 378
70129 672
70133 71
70136 523
70169 299
70196 138
70210 917
70212 478
70214 756
70256 363
70268 621
70276 306
70284 434
70287 963
70290 55
70304 251
70306 592
70308 989
70312 520
70314 758
70324 391
70329 999
70348 95
70351 722
70360 488
70377 159
70391 840
70401 262
70442 991
70473 627
70479 447
70483 293
70495 633
70507 986
70522 832
70531 187
70566 31
70579 501
70581 543
70596 935
70614 583
70618 141
70656 619
70662 755
70667 301
70671 476
70682 621
70690 428
70708 25
70712 497
70717 33
70722 565
70731 445
70739 223
70751 990
70754 666
70759 916
70765 486
70772 208
70777 579
70780 617
70790 655
70797 86
70810 69
70812 880
70828 963
70839 11
70851 6
70855 838
70888 389
70898 185
70906 513
70912 181
70926 526
70932 910
70939 831
70961 783
70972 809
70996 858
71001 498
71023 325
71024 294
71027 405
71028 655
71046 539
71051 966
71058 107
71067 335
71077 282
71078 14
71081 690
71098 222
71114 291
71116 36
71123 511
71130 914
71140 145
71154 566
71193 573
71198 160
71201 555
71209 594
71243 834
71244 667
71251 714
71268 290
71281 157
71282 56
71289 756
71307 742
71309 766
71314 862
71321 214
71331 322
71352 695
71356 393
71359 281
71360 248
71362 334
71364 753
71370 79
71379 29
71397 1000
71401 770
71404 674
71407 85
71410 282
71415 561
71460 515
71469 461
71479 307
71492 928
71494 55
71495 852
71507 915
71513 262
71517 773
71531 633
71539 101
71568 848
71569 294
71575 174
71591 926
71603 774
71604 868
71608 330
71621 288
71624 396
71625 68
71637 910
71651 150
71660 354
71661 355
71673 488
71691 407
71698 289
71712 779
71716 621
71722 949
71739 400
71747 21
71752 372
71754 9
71759 438
71807 950
71823 544
71826 71
71835 568
71842 962
71846 722
71847 276
71849 947
71851 534
71862 988
71881 322
71893 419
71896 528
71901 551
71917 414
71922 365
71925 363
71929 196
71938 537
71944 636
71946 795
71957 136
71980 321
72025 927
72026 71
72033 949
72040 87
72064 609
72069 144
72090 335
72098 987
72145 855
72146 596
72150 762
72165 172
72168 6
72169 885
72171 808
72197 296
72200 671
72206 858
72209 243
72211 551
72216 34
72227 163
72229 242
72230 774
72256 991
72265 58
72267 142
72268 316
72274 959
72279 920
72297 41
72305 394
72327 881
72336 191
72345 208
72364 204
72377 196
72393 276
72411 103
72420 796
72427 338
72447 599
72461 981
72466 373
72471 757
72482 525
72501 11
72502 252
72503 711
72526 540
72536 676
72549 753
72562 521
72572 926
72574 530
72594 442
72595 290
72596 707
72602 851
72627 873
72656 457
72664 870
72670 980
72679 925
72681 148
72707 569
72712 275
72719 586
72729 781
72734 567
72760 884
72768 208
72774 226
72792 977
72793 489
72802 477
72804 569
72835 778
72838 925
72842 848
72855 128
72865 193
72867 937
72911 574
72912 702
72924 794
72925 754
72927 586
72930 175
72940 190
72955 179
72964 758
72979 145
72982 247
72988 211
72993 180
72997 109
73003 851
73020 86
73031 488
73045 441
73055 58
73078 980
73115 105
73116 471
73119 454
73152 335
73170 671
73187 241
73195 605
73201 77
73211 545
73215 228
73219 760
73232 396
73233 647
73235 80
73237 144
73242 214
73259 999
73295 583
73299 908
73310 785
73316 83
73343 982
73345 772
73360 377
73371 430
73380 687
73394 743
73401 807
73404 504
73427 267
73428 974
73450 449
73462 10
73472 334
73473 495
73475 376
73478 458
73486 70
73488 170
73494 200
73502 945
73514 292
73515 848
73520 451
73528 74
73532 864
73540 92
73570 137
73575 358
73577 833
73591 880
73602 900
73620 599
73623 341
73626 608
73640 784
73646 430
73650 88
73661 818
73664 64
73669 112
73671 950
73675 403
73681 938
73685 162
73717 441
73728 627
73734 388
73759 693
73768 755
73775 851
73779 131
73794 723
73799 272
73804 628
73810 904
73812 992
73822 421
73823 58
73856 664
73864 212
73885 54
73886 897
73889 832
73898 633
73909 750
73927 563
73941 969
73943 664
73949 343
74006 725
74009 682
74011 220
74014 480
74022 775
74043 111
74071 339
74090 529
74102 302
74112 234
74120 753
74124 559
74144 366
74160 658
74171 634
74200 951
74214 270
74228 91
74238 213
74242 841
74252 837
74254 895
74256 976
74307 785
74318 918
74322 366
74337 167
74343 594
74350 214
74372 676
74378 853
74379 394
74413 711
74436 774
74455 455
74456 224
74478 50
74482 238
74502 333
74517 922
74521 243
74525 36
74526 341
74528 264
74539 634
74543 984
74551 590
74557 272
74576 866
74605 290
74613 311
74619 124
74621 878
74622 839
74623 798
74656 460
74663 30
74674 445
74676 588
74678 561
74691 41
74696 644
74708 240
74715 568
74717 82
74744 747
74749 211
74762 849
74768 429
74785 216
74787 408
74794 959
74822 205
74833 270
74853 591
74868 182
74869 938
74876 204
74888 371
74893 336
74900 920
74904 420
74906 696
74909 175
74954 726
74955 185
74967 869
74988 800
74990 589
75013 330
75014 515
75019 591
75022 118
75026 188
75030 976
75037 368
75038 391
75049 637
75058 401
75067 358
75073 909
75079 84
75081 812
75087 178
75089 657
75093 376
75095 195
75097 268
75117 229
75121 801
75130 681
75147 860
75163 965
75166 599
75168 868
75170 207
75172 940
75174 374
75185 802
75189 349
75198 999
75199 646
75218 724
75220 997
75224 80
75225 378
75242 794
75254 197
75260 762
75283 273
75286 429
75288 427
75293 857
75319 291
75336 302
75344 182
75363 676
75375 210
75378 410
75385 889
75387 215
75394 715
75406 546
75419 895
75424 406
75427 27
75430 335
75489 152
75490 4
75507 638
75518 483
75522 98
75527 918
75539 348
75541 614
75554 846
75555 182
75570 921
75577 252
75593 706
75622 24
75637 947
75641 441
75648 441
75653 102
75654 826
75656 63
75667 719
75669 540
75681 751
75690 358
75701 914
75713 681
75744 330
75750 324
75758 444
75765 617
75771 109
75777 101
75784 22
75786 657
75801 331
75811 118
75816 929
75860 574
75888 236
75893 261
75915 240
75916 626
75929 900
75930 285
75931 286
75944 266
75945 470
75953 963
75959 875
75962 90
75965 906
75978 900
75993 98
75995 535
76020 638
76029 502
76048 596
76059 97
76085 920
76105 369
76116 455
76121 201
76123 72
76124 367
76133 273
76137 74
76142 200
76150 675
76156 274
76158 509
76163 451
76172 558
76176 95
76177 631
76188 526
76192 773
76194 757
76195 347
76203 167
76210 87
76272 715
76280 4
76286 806
76290 73
76299 821
76309 904
76334 256
76348 499
76356 465
76366 663
76393 183
76396 713
76424 858
76426 43
76433 626
76438 734
76454 308
76455 36
76473 946
76477 645
76481 235
76510 282
76516 316
76517 506
76527 180
76529 281
76536 706
76544 77
76556 81
76586 407
76588 388
76590 454
76604 305
76608 8
76609 802
76613 382
76631 35
76636 968
76638 878
76696 322
76706 138
76707 314
76712 638
76716 129
76717 180
76719 145
76729 169
76745 93
76751 851
76765 901
76782 369
76785 165
76788 948
76795 42
76812 143
76814 960
76819 341
76827 885
76829 885
76832 976
76837 752
76842 705
76844 83
76846 916
76848 915
76872 304
76883 147
76884 343
76888 978
76889 670
76901 58
76905 627
76913 520
76923 843
76933 67
76950 510
76967 149
77034 367
77048 819
77052 251
77062 343
77068 311
77082 205
77085 196
77092 359
77113 625
77115 593
77123 273
77124 810
77128 498
77137 227
77142 246
77146 443
77180 444
77185 437
77189 386
77190 623
77198 962
77202 743
77216 899
77232 642
77235 453
77242 674
77245 768
77273 186
77280 899
77286 781
77300 492
77303 832
77310 135
77326 445
77328 437
77330 720
77339 367
77343 899
77346 217
77363 175
77365 167
77381 501
77390 613
77398 926
77403 781
77407 168
77409 447
77411 81
77434 765
77443 732
77446 972
77478 271
77496 871
77498 823
77510 370
77528 351
77530 287
77533 841
77556 702
77557 229
77568 331
77586 77
77600 467
77607 175
77609 119
77611 119
77612 665
77615 710
77638 212
77649 258
77652 5
77668 895
77669 296
77675 287
77679 237
77704 395
77719 1000
77731 659
77737 293
77755 318
77767 366
77785 299
77788 935
77791 545
77793 553
77798 447
77803 991
77809 932
77813 379
77869 669
77875 311
77881 145
77900 248
77902 682
77907 906
77911 348
77916 82
77927 848
77930 295
77932 159
77944 616
77951 697
77955 816
77962 321
77975 161
77976 768
77977 492
77981 318
77989 47
78002 328
78004 237
78008 624
78016 520
78018 448
78026 667
78034 636
78040 75
78065 599
78074 745
78078 120
78086 964
78093 357
78103 185
78121 453
78123 67
78136 633
78145 450
78156 843
78159 688
78161 473
78173 348
78186 974
78189 676
78192 423
78199 446
78205 632
78215 938
78234 932
78237 939
78249 764
78258 31
78269 664
78279 168
78294 360
78321 760
78338 541
78351 745
78353 654
78363 875
78374 105
78378 872
78386 506
78394 78
78400 699
78406 120
78425 966
78445 140
78455 572
78458 109
78466 333
78473 991
78480 640
78489 818
78495 241
78497 83
78500 227
78505 90
78525 620
78531 729
78534 885
78547 294
78560 526
78574 500
78581 675
78596 556
78597 61
78602 977
78608 690
78612 704
78621 606
78626 979
78641 643
78649 207
78677 602
78699 241
78723 408
78748 329
78751 721
78756 203
78769 825
78775 290
78783 599
78785 166
78793 630
78799 726
78801 226
78815 318
78831 469
78847 409
78853 701
78857 690
78876 69
78879 505
78888 486
78890 257
78902 846
78918 579
78919 13
78932 164
78936 591
78950 141
78951 186
78968 895
78969 542
78974 916
78979 953
78999 122
79013 514
79017 741
79035 94
79053 167
79055 863
79066 572
79083 250
79088 509
79096 592
79110 797
79118 329
79119 274
79135 166
79136 868
79149 241
79160 326
79176 594
79179 195
79190 902
79259 28
79270 186
79296 202
79301 70
79320 317
79324 376
79340 979
79341 908
79344 895
79347 901
79351 445
79374 949
79379 932
79395 854
79405 894
79429 415
79440 576
79443 587
79455 815
79498 218
79522 723
79534 450
79538 747
79545 776
79552 532
79589 145
79591 957
79613 794
79619 109
79635 522
79670 10
79673 527
79685 89
79692 705
79697 336
79707 585
79727 565
79730 0
79731 86
79739 704
79748 285
79752 200
79766 139
79771 131
79774 547
79777 753
79781 192
79790 334
79809 572
79818 408
79834 738
79850 968
79859 1000
79864 616
79870 117
79878 220
79886 426
79901 213
79903 585
79918 8
79936 574
79938 700
79950 196
79951 86
79961 142
79979 758
80001 420
80037 230
80045 783
80061 494
80066 915
80074 993
80083 890
80086 279
80128 134
80137 254
80182 707
80206 946
80216 65
80225 603
80253 731
80265 6
80277 57
80289 949
80299 312
80325 173
80329 557
80338 717
80365 692
80369 915
80375 493
80379 220
80390 523
80403 926
80411 912
80413 996
80426 667
80436 746
80449 150
80455 774
80462 978
80472 591
80479 246
80495 0
80496 755
80497 975
80504 63
80505 757
80520 916
80524 78
80550 562
80551 370
80558 266
80592 265
80599 925
80601 911
80603 270
80613 261
80622 463
80626 158
80642 243
80652 236
80654 765
80661 908
80663 77
80667 218
80689 948
80690 671
80693 623
80694 654
80697 689
80700 627
80713 17
80716 756
80727 434
80748 555
80763 823
80776 937
80780 905
80790 621
80791 115
80801 581
80815 503
80821 540
80823 812
80844 674
80852 975
80862 185
80891 252
80893 701
80894 977
80900 305
80906 721
80919 641
80926 43
80933 187
80935 19
80949 588
80960 687
80967 603
80970 844
80978 610
80989 624
80993 32
81012 997
81042 40
81053 591
81074 296
81085 818
81101 566
81115 151
81117 74
81122 539
81129 269
81133 956
81137 654
81156 918
81163 631
81165 160
81175 878
81188 413
81190 169
81191 511
81196 227
81204 647
81214 471
81226 357
81228 60
81232 312
81237 828
81264 878
81268 166
81273 51
81287 451
81305 185
81314 221
81322 900
81326 2
81351 238
81361 423
81371 910
81378 646
81382 960
81387 945
81411 986
81418 995
81440 579
81455 854
81471 284
81490 541
81507 264
81517 584
81522 740
81559 679
81565 316
81569 456
81592 495
81598 954
81605 131
81610 576
81636 930
81656 484
81661 347
81663 863
81669 900
81671 230
81674 382
81676 386
81679 357
81694 762
81708 793
81710 260
81714 333
81742 502
81744 296
81761 766
81792 828
81805 909
81806 971
81810 684
81814 893
81821 740
81866 441
81871 761
81876 100
81885 238
81895 98
81912 39
81930 532
81931 39
81940 75
81949 362
81952 126
81953 385
81961 746
81969 150
81972 464
81973 127
81974 398
81981 31
81989 581
82005 194
82023 396
82064 706
82069 491
82070 676
82078 561
82084 317
82087 284
82098 268
82105 26
82110 57
82115 570
82116 496
82138 740
82140 167
82149 232
82186 910
82202 136
82220 415
82227 46
82249 192
82250 74
82257 528
82272 43
82275 579
82278 880
82317 775
82335 144
82357 773
82363 869
82365 479
82374 219
82388 734
82408 657
82424 59
82428 548
82433 140
82451 889
82452 555
82457 629
82461 387
82502 792
82503 35
82505 112
82507 534
82512 863
82527 609
82528 814
82529 309
82543 868
82567 792
82571 458
82585 580
82592 633
82600 646
82614 37
82619 346
82621 69
82623 898
82634 627
82635 606
82642 446
82643 872
82688 968
82696 996
82697 8
82724 185
82773 113
82791 470
82793 547
82794 963
82810 382
82813 168
82821 911
82835 242
82836 941
82838 738
82841 943
82847 941
82861 286
82865 439
82867 321
82871 258
82873 612
82876 714
82881 32
82884 351
82889 471
82925 336
82929 689
82930 932
82932 267
82939 947
82944 243
82945 10
82951 114
82961 226
82964 955
82968 355
82972 49
82974 926
82981 797
82983 642
82987 230
82990 760
82991 544
83016 784
83020 538
83030 141
83039 916
83044 283
83045 536
83046 99
83057 95
83059 501
83081 717
83087 963
83094 573
83096 415
83098 263
83101 753
83106 148
83119 227
83122 13
83126 831
83135 330
83139 476
83142 776
83147 329
83148 4
83150 994
83180 890
83184 238
83187 971
83189 444
83197 864
83204 950
83205 68
83220 435
83221 744
83232 375
83237 162
83240 946
83248 248
83253 684
83263 0
83267 481
83278 919
83280 556
83281 263
83287 596
83301 516
83304 6
83322 954
83324 575
83325 531
83334 166
83369 290
83388 855
83404 791
83409 456
83431 74
83459 835
83485 658
83502 739
83509 16
83524 343
83526 594
83545 817
83547 270
83561 756
83564 410
83569 700
83581 458
83594 99
83605 919
83614 762
83621 634
83635 337
83646 713
83665 350
83671 842
83685 178
83703 978
83747 815
83771 74
83781 886
83795 309
83797 265
83798 868
83808 751
83814 978
83825 824
83840 722
83850 737
83854 499
83870 935
83887 129
83906 628
83914 616
83925 601
83926 222
83931 586
83939 524
83940 268
83941 349
83947 369
83949 519
83960 73
83973 718
83986 101
83995 47
84000 282
84002 385
84014 615
84025 673
84032 500
84113 115
84128 633
84132 703
84137 245
84140 368
84143 780
84146 318
84148 897
84156 497
84173 310
84182 329
84200 437
84218 362
84226 379
84241 292
84255 877
84293 749
84297 484
84298 805
84308 23
84341 768
84346 176
84356 362
84379 809
84393 512
84396 657
84399 271
84404 84
84405 888
84409 858
84418 30
84426 156
84435 631
84443 106
84447 126
84451 266
84458 956
84467 91
84469 723
84470 802
84479 687
84482 203
84495 905
84505 311
84510 125
84524 286
84533 547
84538 666
84547 276
84556 195
84564 406
84569 957
84603 928
84609 224
84610 630
84635 60
84645 2
84650 32
84651 110
84653 60
84656 648
84664 138
84665 505
84674 868
84688 221
84690 702
84695 73
84697 803
84705 531
84706 399
84714 982
84734 624
84755 862
84759 367
84771 681
84775 802
84779 285
84803 664
84806 399
84808 855
84830 52
84836 609
84841 49
84842 382
84846 692
84851 458
84854 901
84877 396
84879 262
84883 227
84896 734
84906 661
84938 400
84940 839
84949 485
84958 516
84959 234
84969 205
84982 183
84996 309
84998 285
84999 741
85001 852
85002 265
85005 901
85028 224
85037 873
85053 440
85059 406
85066 114
85106 404
85111 975
85115 165
85136 902
85141 178
85143 95
85149 61
85154 195
85169 361
85182 260
85185 490
85193 84
85228 733
85239 132
85250 604
85257 223
85280 929
85281 900
85288 138
85295 259
85300 12
85307 943
85308 487
85310 29
85314 903
85317 352
85320 502
85329 377
85331 634
85334 741
85341 481
85351 499
85376 440
85387 914
85413 91
85416 845
85421 392
85447 959
85499 928
85500 4
85503 386
85514 120
85537 825
85538 720
85551 576
85567 905
85583 680
85584 89
85589 518
85595 309
85597 798
85600 156
85608 220
85618 333
85641 796
85644 438
85649 959
85650 989
85658 29
85666 240
85668 123
85688 368
85690 418
85713 887
85716 624
85725 905
85763 494
85765 785
85769 931
85788 362
85791 96
85795 547
85798 828
85801 470
85804 761
85806 677
85807 432
85814 982
85817 679
85823 568
85830 571
85854 865
85858 94
85861 334
85865 525
85879 825
85881 912
85885 621
85891 638
85897 394
85920 902
85930 492
85943 923
85961 129
85970 854
85984 687
86001 670
86027 731
86033 89
86061 40
86064 775
86067 138
86068 96
86069 498
86071 394
86090 616
86111 292
86115 271
86122 130
86142 365
86148 327
86165 613
86166 320
86176 776
86177 136
86184 868
86189 627
86192 510
86195 715
86223 693
86230 572
86247 804
86260 537
86270 205
86300 174
86308 55
86309 57
86319 940
86327 292
86332 121
86334 630
86348 66
86350 626
86354 658
86358 366
86400 379
86409 692
86413 904
86422 265
86428 447
86437 751
86439 807
86450 71
86494 954
86502 552
86530 404
86554 415
86557 178
86560 401
86573 525
86576 598
86579 664
86588 233
86596 938
86617 415
86639 5
86642 357
86651 231
86654 432
86660 975
86690 117
86692 15
86701 826
86704 449
86717 232
86737 882
86743 138
86751 84
86752 358
86759 873
86764 915
86784 850
86785 957
86794 110
86795 957
86797 211
86809 329
86813 562
86829 55
86854 774
86861 825
86863 639
86866 821
86869 38
86880 976
86883 48
86885 737
86886 789
86915 886
86922 554
86931 121
86943 864
86977 556
86985 276
86993 748
87008 801
87016 134
87023 911
87029 727
87031 808
87037 361
87039 910
87043 785
87051 528
87060 522
87072 898
87079 836
87084 298
87103 899
87105 818
87112 606
87120 225
87130 581
87136 329
87141 800
87144 157
87145 726
87149 414
87150 364
87151 381
87164 359
87166 290
87169 387
87171 311
87188 999
87204 984
87212 995
87224 980
87229 186
87231 145
87235 44
87264 412
87268 695
87279 804
87280 280
87281 131
87284 966
87301 195
87310 731
87336 944
87344 776
87352 925
87356 783
87361 554
87363 270
87369 420
87375 633
87381 169
87383 968
87388 34
87389 535
87398 807
87406 960
87429 848
87436 513
87440 345
87444 585
87456 26
87471 464
87481 790
87500 724
87524 110
87527 856
87543 386
87545 463
87549 977
87551 940
87553 116
87560 647
87576 324
87581 121
87585 299
87596 579
87632 758
87633 906
87641 954
87663 717
87666 180
87695 802
87696 828
87716 466
87735 901
87736 798
87745 30
87748 270
87749 935
87767 642
87771 669
87777 821
87795 704
87801 656
87829 174
87838 874
87847 721
87855 967
87870 134
87874 795
87880 937
87881 113
87893 661
87915 55
87941 714
87946 769
87951 317
87961 622
87963 22
87967 898
87970 834
87974 44
87981 922
87986 420
87991 993
87994 953
88049 183
88076 115
88086 901
88088 182
88102 718
88103 597
88111 884
88120 726
88127 33
88129 84
88141 954
88151 883
88154 440
88192 580
88200 944
88211 211
88222 74
88225 970
88229 425
88242 957
88247 224
88252 952
88273 495
88281 715
88314 265
88321 293
88335 557
88340 237
88350 932
88372 921
88373 263
88402 766
88416 920
88421 540
88460 941
88466 328
88476 596
88480 850
88491 413
88492 974
88521 557
88530 939
88532 460
88533 324
88542 598
88563 846
88587 738
88592 208
88606 418
88615 590
88636 4
88640 337
88648 855
88668 594
88682 914
88688 931
88690 102
88714 651
88752 444
88756 48
88773 562
88780 820
88815 229
88832 953
88844 329
88847 905
88871 951
88884 397
88919 755
88962 791
88981 215
89015 487
89028 879
89046 720
89047 581
89048 502
89057 616
89064 920
89075 692
89076 619
89091 469
89099 443
89114 685
89115 988
89127 933
89146 601
89150 796
89156 181
89168 640
89169 830
89180 938
89185 195
89193 676
89197 575
89201 933
89214 711
89216 201
89217 165
89222 982
89224 610
89225 432
89238 378
89240 162
89248 235
89254 445
89279 417
89292 770
89304 864
89318 430
89322 935
89330 23
89331 500
89343 778
89352 358
89357 251
89364 276
89365 668
89371 26
89376 846
89379 767
89381 789
89397 590
89399 271
89415 267
89420 438
89452 162
89460 882
89462 585
89471 4
89475 483
89480 129
89484 868
89487 801
89493 814
89503 580
89513 324
89514 589
89530 902
89531 945
89535 373
89545 815
89554 125
89559 894
89561 192
89564 72
89567 917
89568 310
89577 381
89602 234
89622 778
89626 4
89633 553
89650 914
89653 923
89654 197
89656 862
89664 581
89667 384
89682 666
89683 923
89685 642
89690 217
89698 244
89702 627
89713 967
89715 138
89718 716
89721 905
89725 801
89732 430
89745 237
89756 102
89757 437
89767 893
89783 345
89792 600
89802 725
89815 72
89827 464
89830 520
89840 604
89845 864
89851 993
89855 324
89861 502
89862 120
89885 564
89889 430
89891 54
89892 585
89905 191
89931 331
89935 108
89941 713
89944 112
89948 67
89961 212
89975 324
89979 464
89988 66
89996 711
90001 880
90005 754
90013 225
90014 455
90023 229
90031 520
90058 769
90065 404
90079 143
90087 279
90088 71
90098 107
90101 746
90104 892
90110 620
90118 412
90124 79
90134 993
90135 408
90137 174
90144 843
90151 353
90172 221
90180 709
90207 912
90211 467
90214 711
90242 504
90251 387
90254 566
90256 653
90258 776
90269 616
90270 187
90278 710
90283 589
90285 431
90290 883
90300 960
90313 180
90322 938
90333 731
90334 484
90341 575
90353 560
90354 996
90362 859
90364 950
90371 58
90375 658
90391 83
90395 310
90429 793
90447 8
90454 620
90461 408
90472 221
90474 252
90476 504
90479 422
90483 842
90492 551
90493 411
90498 59
90504 961
90526 687
90540 564
90542 351
90594 735
90602 152
90610 976
90616 357
90624 420
90654 66
90666 347
90679 797
90687 668
90710 560
90711 681
90716 994
90719 778
90723 217
90725 300
90740 485
90763 261
90768 233
90778 551
90786 122
90803 254
90811 570
90813 701
90829 367
90834 126
90853 441
90863 795
90865 623
90867 756
90882 441
90901 106
90905 618
90914 122
90926 428
90933 375
90938 171
90960 861
90974 588
90975 76
90980 382
90995 898
91005 473
91034 201
91050 850
91072 425
91076 261
91089 461
91121 395
91146 205
91184 945
91186 680
91187 849
91190 653
91219 964
91255 150
91277 551
91282 594
91284 530
91297 223
91299 415
91304 185
91310 383
91319 811
91328 135
91336 75
91338 442
91341 37
91343 239
91345 630
91354 414
91359 691
91379 118
91387 29
91390 674
91402 988
91410 38
91412 371
91420 667
91422 20
91433 153
91462 675
91473 409
91474 711
91475 838
91479 123
91481 122
91502 51
91520 463
91527 991
91528 211
91530 761
91533 792
91547 310
91566 816
91591 728
91603 24
91659 235
91660 599
91668 189
91678 358
91688 449
91698 183
91701 523
91713 476
91716 185
91718 731
91719 321
91726 95
91734 558
91739 413
91741 572
91751 579
91763 247
91772 185
91777 752
91784 902
91785 816
91800 201
91818 366
91835 867
91845 164
91849 557
91859 574
91871 954
91872 957
91874 751
91875 768
91878 544
91888 989
91893 641
91900 561
91904 211
91906 545
91911 910
91966 623
91968 381
91980 56
91983 991
91995 95
91998 359
92042 642
92053 107
92059 818
92075 933
92081 324
92098 983
92103 22
92106 423
92108 898
92124 558
92133 871
92140 747
92144 407
92152 496
92162 303
92165 856
92173 938
92187 265
92188 33
92209 373
92210 582
92213 292
92215 422
92227 334
92238 568
92241 283
92250 563
92263 909
92300 439
92302 5
92308 346
92309 176
92327 153
92331 577
92334 623
92343 567
92350 996
92359 980
92360 237
92364 525
92366 147
92388 596
92401 136
92422 662
92435 466
92456 363
92489 69
92507 238
92511 363
92517 827
92526 654
92537 383
92542 756
92547 527
92551 700
92556 257
92566 588
92585 464
92599 877
92604 53
92612 913
92627 706
92654 858
92658 478
92662 40
92694 173
92695 542
92697 760
92701 945
92715 454
92734 955
92776 284
92780 300
92783 609
92799 946
92817 998
92827 636
92844 555
92855 690
92863 188
92868 3
92870 41
92876 28
92882 391
92885 455
92891 652
92900 499
92914 903
92917 690
92937 943
92952 153
92956 704
92971 828
92975 718
92981 194
92982 761
92987 205
92991 253
92995 358
92997 336
93019 780
93020 39
93021 107
93023 57
93028 735
93033 419
93043 160
93044 763
93046 419
93049 532
93051 842
93058 716
93069 309
93079 943
93091 776
93101 310
93110 965
93127 875
93136 381
93154 131
93160 768
93175 450
93196 110
93207 864
93209 447
93210 513
93222 814
93238 554
93240 749
93241 302
93253 582
93269 913
93281 192
93283 59
93289 110
93294 532
93297 808
93298 709
93299 501
93305 65
93309 991
93343 33
93345 375
93347 521
93348 604
93358 608
93363 783
93370 766
93376 434
93382 252
93401 242
93408 368
93409 869
93434 931
93448 178
93452 249
93474 997
93499 914
93502 239
93518 470
93528 29
93548 675
93564 262
93571 905
93577 609
93580 948
93582 997
93585 769
93592 951
93606 684
93609 132
93613 948
93614 681
93621 273
93625 738
93627 665
93643 765
93646 915
93670 455
93691 344
93693 753
93705 599
93721 834
93748 663
93753 937
93757 776
93758 916
93782 849
93789 422
93790 357
93799 852
93830 630
93840 921
93842 758
93844 408
93853 825
93872 251
93883 635
93884 318
93919 366
93920 103
93923 850
93929 492
93941 131
93965 584
93967 827
93975 432
93978 988
93985 443
94048 714
94065 350
94074 213
94075 104
94081 573
94098 811
94112 990
94131 848
94132 86
94138 100
94140 694
94143 303
94146 458
94150 755
94154 957
94162 250
94170 630
94173 61
94187 857
94189 713
94196 660
94223 586
94237 192
94238 511
94260 988
94262 526
94267 778
94279 502
94284 463
94285 466
94293 702
94296 714
94330 105
94351 333
94382 757
94390 546
94399 592
94408 517
94438 733
94440 688
94443 78
94459 419
94486 30
94499 122
94501 535
94510 504
94526 885
94527 728
94533 79
94535 54
94548 445
94551 977
94553 945
94571 161
94608 62
94618 836
94619 332
94624 945
94630 247
94675 901
94678 367
94680 190
94691 292
94692 198
94694 867
94700 156
94713 322
94714 355
94717 774
94726 500
94733 876
94737 822
94764 370
94770 962
94786 406
94798 143
94806 862
94811 580
94821 907
94825 201
94828 207
94837 130
94843 464
94853 319
94855 863
94857 763
94871 463
94877 339
94879 588
94880 403
94906 869
94914 15
94920 431
94927 651
94935 909
94944 479
94951 139
94952 856
94992 468
95004 133
95060 342
95075 628
95085 122
95092 479
95099 487
95108 171
95125 553
95127 227
95130 183
95135 300
95157 289
95171 253
95180 148
95197 957
95206 878
95228 854
95234 542
95241 772
95242 329
95270 543
95272 826
95283 473
95293 821
95294 253
95298 53
95305 503
95318 975
95369 428
95389 510
95403 807
95412 742
95414 416
95427 751
95431 443
95434 916
95438 234
95448 980
95454 195
95463 44
95469 648
95483 604
95487 422
95500 333
95509 637
95518 375
95527 426
95535 187
95549 370
95552 311
95554 190
95561 794
95562 6
95571 689
95582 121
95586 500
95599 227
95614 22
95640 498
95656 186
95660 181
95661 622
95669 589
95685 996
95688 568
95723 284
95732 170
95735 897
95762 547
95778 856
95790 100
95797 852
95826 512
95858 160
95881 660
95894 709
95899 210
95906 168
95907 189
95918 271
95923 977
95933 943
95939 62
95952 300
95954 36
95969 409
95970 203
95985 663
95987 201
95996 586
96006 371
96033 726
96037 997
96061 89
96093 154
96095 214
96101 610
96144 311
96158 995
96163 188
96165 29
96166 278
96185 952
96222 96
96225 595
96235 710
96252 582
96259 628
96285 133
96288 320
96299 620
96334 729
96342 314
96353 247
96359 1
96362 36
96369 988
96370 534
96392 218
96395 248
96401 672
96420 15
96425 767
96426 680
96430 873
96432 426
96437 829
96439 217
96440 120
96456 736
96463 355
96471 512
96482 602
96497 857
96501 936
96504 360
96508 348
96517 319
96520 157
96524 311
96547 690
96554 611
96558 926
96567 922
96583 256
96597 568
96598 564
96603 901
96607 423
96616 810
96620 955
96627 305
96630 188
96636 15
96638 90
96659 964
96661 723
96662 862
96668 508
96686 715
96689 643
96690 465
96691 909
96693 708
96702 662
96706 225
96716 143
96722 76
96768 19
96772 24
96784 47
96788 924
96793 643
96797 912
96832 977
96836 763
96840 940
96841 129
96855 350
96873 102
96883 119
96902 377
96919 758
96923 444
96930 334
96937 763
96948 487
96950 404
96964 701
96969 376
96971 270
96977 349
96981 579
96987 276
96994 355
96998 274
97010 231
97015 340
97025 892
97038 158
97041 904
97043 300
97061 160
97069 865
97074 498
97090 803
97133 377
97134 559
97142 980
97149 528
97170 872
97174 583
97185 900
97191 294
97198 220
97199 151
97217 858
97219 122
97220 864
97228 217
97243 191
97252 854
97284 486
97289 437
97292 60
97299 946
97309 42
97315 241
97320 10
97322 252
97329 905
97334 442
97348 430
97351 370
97355 366
97357 910
97362 573
97374 359
97375 220
97379 451
97380 753
97384 736
97394 986
97399 754
97414 584
97442 910
97445 432
97455 21
97458 971
97461 919
97487 685
97490 891
97508 422
97513 647
97522 676
97527 381
97534 109
97544 113
97558 112
97562 697
97564 56
97573 990
97606 214
97629 558
97652 832
97664 409
97689 168
97697 594
97698 900
97753 520
97755 717
97767 311
97770 867
97819 105
97829 627
97859 819
97876 595
97905 239
97908 614
97912 748
97926 453
97929 790
97940 794
97963 445
97966 794
97986 43
97993 700
97994 123
97996 653
97998 4
97999 803
98000 684
98067 122
98069 534
98082 687
98084 764
98087 44
98103 5
98116 593
98122 311
98123 725
98134 337
98136 30
98145 97
98150 110
98155 529
98180 323
98181 522
98183 626
98189 504
98195 598
98228 703
98231 963
98236 560
98266 764
98267 680
98270 32
98276 797
98282 228
98287 849
98288 871
98314 217
98324 726
98329 140
98332 783
98344 702
98367 382
98370 6
98371 929
98388 957
98394 369
98397 562
98410 325
98411 755
98472 216
98479 579
98484 595
98500 260
98515 939
98517 228
98534 200
98538 506
98567 677
98588 429
98625 509
98632 668
98635 695
98636 306
98643 493
98650 519
98665 925
98666 24
98667 197
98687 155
98708 807
98722 753
98724 991
98745 524
98747 516
98758 5
98761 407
98770 972
98772 972
98774 288
98785 173
98790 621
98794 691
98801 120
98812 457
98824 948
98834 68
98835 49
98840 815
98841 30
98843 87
98846 622
98857 364
98882 177
98887 29
98889 24
98916 151
98917 289
98919 239
98925 275
98926 263
98940 349
98946 926
98956 420
98961 533
98963 285
98975 847
98976 29
98977 157
98994 173
98999 796
99021 321
99031 707
99044 859
99045 355
99060 30
99068 534
99070 236
99088 170
99104 677
99108 113
99114 512
99139 156
99140 68
99145 600
99173 64
99190 105
99204 534
99210 676
99221 426
99232 146
99239 343
99240 983
99259 973
99266 415
99278 990
99288 430
99302 599
99315 201
99317 910
99321 390
99335 981
99342 592
99363 368
99376 639
99401 268
99424 113
99431 369
99439 854
99446 893
99454 160
99460 41
99462 281
99470 354
99472 659
99481 140
99504 13
99530 887
99541 589
99557 11
99567 761
99569 367
99572 259
99593 59
99611 957
99613 673
99615 633
99633 879
99641 1
99642 482
99648 474
99649 426
99684 527
99687 163
99704 240
99708 510
99709 986
99733 81
99734 621
99749 112
99751 677
99779 833
99783 394
99796 126
99801 350
99802 249
99812 768
99819 284
99820 642
99828 741
99834 424
99839 171
99849 970
99866 957
99924 286
99982 476
