150 9947 4020 1
0 66
4 82
9 31
12 16
21 37
27 74
30 39
31 43
32 86
36 61
37 67
49 20
54 20
55 6
57 0
60 31
68 10
74 44
77 39
81 26
92 96
97 43
109 26
120 97
125 18
128 27
130 88
135 88
138 41
154 76
158 53
200 85
205 47
228 40
230 2
235 54
238 30
241 61
257 79
260 7
264 14
269 86
271 65
276 80
277 13
280 24
283 60
288 43
299 91
315 70
316 83
327 48
333 64
338 36
352 21
359 42
362 56
369 82
371 14
377 55
378 8
379 12
384 48
394 68
410 1
415 27
422 19
427 17
432 10
434 35
438 13
445 100
451 6
453 32
454 76
469 57
470 2
485 53
486 85
490 50
491 67
497 67
502 93
506 38
507 35
510 10
520 51
525 44
526 15
533 44
536 71
537 90
539 56
542 8
543 88
545 23
566 9
570 48
576 9
602 20
604 92
609 50
614 68
631 76
646 6
655 53
665 61
714 73
721 96
722 13
728 52
729 4
746 30
749 97
758 4
763 98
776 46
780 22
784 42
795 43
806 0
812 71
819 39
827 24
858 24
862 15
864 95
867 72
875 76
876 64
878 25
880 43
883 49
889 11
898 89
906 69
908 8
910 43
916 7
918 33
938 23
942 10
943 58
959 32
967 5
975 85
978 80
980 0
984 71
994 88
