1756 5259 10000 514
70 2859
83 628
149 667
206 3867
288 4379
311 907
325 2144
350 3773
384 1108
390 3714
403 1232
469 4529
521 3074
565 4907
567 1170
633 5019
688 3569
794 4250
828 106
1078 1017
1137 1780
1183 2154
1289 166
1557 3391
1594 302
1671 517
1727 1078
1788 3242
1940 2763
2013 2858
2017 3302
2027 4549
2188 1999
2198 3450
2206 2341
2228 2353
2405 3
2450 1439
2488 155
2684 712
2715 4083
2880 513
2888 4093
2910 3332
3129 176
3160 4198
3162 1506
3178 2159
3220 30
3270 3272
3292 2276
3295 2272
3299 4255
3345 2494
3401 1147
3446 2747
3528 3673
3546 1714
3562 2538
3650 1618
3728 3715
3732 4397
3751 2315
3769 3650
3784 2992
3848 2751
3904 2169
3919 51
3939 1858
3971 3075
4009 231
4081 2016
4145 4433
4162 2401
4163 4039
4304 1361
4478 4656
4526 2546
4560 594
4563 1473
4577 2829
4640 1989
4669 1465
4677 4613
4729 3106
4909 3359
4982 2019
4992 2644
5138 4062
5245 4408
5293 3869
5394 4398
5417 5145
5433 3358
5594 3947
5603 2618
5645 441
5819 1290
5848 4107
5942 3537
5952 82
5966 955
6006 3086
6086 5166
6110 4600
6134 4925
6181 1583
6224 3364
6346 5118
6386 2752
6481 405
6562 3530
6582 2850
6630 3357
6638 4374
6836 2530
6873 3448
6880 3500
6906 3925
7022 4291
7040 505
7070 1735
7217 2463
7277 1084
7407 2206
7430 3218
7541 4404
7737 4219
7739 4760
7746 1177
7928 1345
7996 1632
8018 3858
8040 3909
8130 1546
8198 223
8239 1221
8271 246
8310 1913
8316 2797
8388 3882
8500 4767
8607 154
8681 1644
8690 5111
8697 4479
8730 2637
8801 3680
8806 2750
8847 1592
8890 4964
8919 3960
8924 3237
9011 3541
9012 2712
9015 1323
9093 1211
9220 4257
9336 2856
9351 4916
9374 3343
9472 5187
9535 1766
9594 1521
9612 824
9726 1424
9757 3983
9866 4937
9952 4056
10018 147
10052 3151
10207 3353
10252 3716
10296 4596
10350 5161
10355 1597
10381 1290
10473 3067
10498 5203
10502 4384
10724 198
10800 648
10877 1558
10991 936
11080 485
11091 55
11189 3488
11372 2947
11406 4084
11451 283
11465 2730
11535 4198
11539 1947
11577 1450
11656 3538
11663 3890
11688 2429
11702 4864
11752 3911
11790 2609
12349 4384
12389 1295
12391 2013
12420 894
12442 971
12455 1269
12494 3200
12837 2927
12878 1525
12934 62
13188 2719
13288 454
13505 728
13547 4661
13550 90
13579 3893
13651 1670
13687 3230
13785 1154
13814 3661
13953 4684
14066 196
14080 4544
14095 2142
14127 375
14145 862
14154 3492
14179 1892
14216 773
14223 1019
14252 4640
14299 4640
14307 950
14316 3250
14336 2732
14373 3001
14381 108
14425 4585
14427 2660
14513 778
14538 33
14550 3255
14660 992
14693 2152
14758 1729
14796 812
14864 85
14900 2593
14909 2143
14922 743
14945 447
15019 1033
15068 5029
15081 2064
15088 2915
15209 157
15223 4121
15233 322
15234 4895
15386 5237
15435 2449
15465 614
15512 4093
15591 4433
15725 2522
15735 2545
15764 3845
15903 262
15938 2238
16004 4578
16116 1053
16138 3847
16183 2242
16233 595
16260 4076
16263 762
16344 2468
16397 3448
16413 4496
16488 2320
16495 1331
16534 2165
16546 2309
16600 2280
16735 1409
16758 1086
16949 2818
16969 3004
16997 217
17254 417
17399 1280
17482 145
17537 4236
17538 4694
17606 2562
17632 1171
17658 2081
17679 361
17800 1098
17827 5251
17861 163
17900 3987
17940 3658
17964 429
17968 243
17978 4729
18188 4533
18213 2209
18278 89
18331 1477
18510 206
18521 1848
18579 3953
18647 4380
18721 1858
18781 1709
18789 949
18849 55
18977 4735
19035 3836
19075 1931
19225 4788
19274 93
19294 1347
19332 3358
19379 1024
19390 4619
19426 1268
19429 2765
19488 4262
19550 3873
19607 97
19620 1309
19661 778
19737 753
19785 4806
19914 513
19919 2438
20074 1647
20106 2900
20148 431
20191 911
20243 3866
20309 904
20361 3639
20374 1313
20384 4038
20445 1424
20597 4669
20624 1924
20706 2534
20735 4202
20752 842
20794 1863
20803 4069
20850 4187
20900 2480
20987 3554
21064 1258
21072 3806
21257 2381
21330 4472
21568 4064
21674 692
21768 3304
21790 4774
21820 1485
21871 4151
21946 2935
22013 3645
22059 2838
22070 4021
22207 456
22271 5127
22302 3984
22330 3377
22443 3443
22535 3177
22589 408
22677 4206
22707 4451
22945 3074
22972 3279
22998 575
23086 4189
23151 1277
23180 3304
23264 3731
23288 4125
23356 1909
23471 2085
23507 2792
23556 2557
23599 1838
23629 2790
23782 2659
23911 2670
23914 4382
23927 2454
23977 384
24030 3944
24165 738
24251 4450
24277 2170
24317 2450
24372 1502
24643 1359
24673 3493
24674 1557
24696 1246
24697 4962
24715 4042
24747 4387
24782 4463
24873 2864
24907 776
24914 3421
24978 4050
24987 4898
25031 1140
25132 4356
25165 1412
25175 604
25322 136
25374 137
25402 5007
25452 1939
25569 4213
25627 1025
25785 818
25829 5256
25880 2971
25902 4123
25940 1148
25992 398
26026 4823
26049 4368
26093 2949
26169 4204
26239 2855
26254 1113
26315 1982
26331 3199
26333 5147
26393 1511
26567 3050
26668 2931
26732 3818
26760 166
26765 1957
26804 2667
26884 4259
26907 518
27075 3726
27105 2006
27137 390
27146 2042
27166 1427
27184 2283
27205 1735
27357 1969
27396 1298
27422 1407
27425 1386
27543 4218
27583 4846
27671 2834
27676 942
27713 2241
27793 231
27836 5206
27839 2756
27892 409
27958 2017
28081 4070
28109 1379
28144 1960
28262 5060
28296 1750
28335 4449
28349 3584
28409 1742
28521 3387
28531 2111
28548 84
28585 3331
28641 916
28708 3167
28716 2005
28718 2299
28729 4332
28823 2986
28983 2669
29021 155
29167 3417
29261 3149
29338 5194
29346 96
29351 3198
29381 4486
29417 2597
29505 4067
29509 2887
29545 4882
29598 4576
29612 2416
29614 3387
29642 3715
29673 3744
29674 3703
29695 2132
29703 408
29731 3906
29813 1518
29823 3711
29833 283
29865 279
29878 4821
29909 3156
30085 344
30286 2823
30314 3762
30373 2186
30384 2643
30407 36
30411 4194
30426 2854
30563 3761
30601 700
30616 4378
30637 617
30641 1615
30675 92
30751 4150
30817 977
30906 900
30972 309
31011 4306
31039 460
31155 3747
31178 332
31439 2872
31529 5217
31531 3048
31660 3237
31668 3045
31843 3292
31846 1806
31878 512
31905 2664
32085 1655
32087 3867
32171 3878
32193 5155
32250 980
32303 3406
32350 3166
32400 514
32623 3222
32658 3811
32694 1700
32802 2073
32829 1635
32905 3204
32970 3884
33285 3628
33298 405
33303 3499
33311 5146
33312 297
33392 319
33519 5076
33554 4375
33583 3898
33654 4158
33693 1120
33722 4773
33811 1384
33855 4772
33926 4220
33938 3377
33994 86
34088 3986
34094 1680
34173 1707
34201 319
34312 2010
34365 4294
34419 1756
34420 5197
34469 4560
34534 2185
34610 100
34626 125
34644 1022
34649 886
34689 3908
34713 3939
34832 2062
34890 1695
34896 4108
34933 1865
34943 1054
34971 714
34982 3829
35041 4524
35157 5180
35190 4562
35216 2605
35229 3969
35243 3604
35266 936
35309 171
35501 250
35525 4111
35592 2933
35598 2465
35630 4019
35683 1016
35695 952
35753 3715
35812 4054
35898 1207
35920 1403
35934 5019
36008 3170
36039 3803
36040 1988
36042 1774
36058 3773
36092 3893
36104 1750
36181 3528
36398 3483
36455 1151
36517 2985
36535 3738
36586 36
36630 4170
36660 637
36677 2200
36778 12
36798 3465
36842 3353
36846 318
36937 2814
36941 3448
36993 3756
37008 2832
37029 3648
37031 1673
37116 44
37177 1843
37296 1874
37329 197
37439 125
37469 2771
37598 4282
37678 5060
37710 3579
37754 1095
37765 3921
37832 3093
37857 4708
37895 893
38074 3234
38136 171
38312 3439
38378 4282
38398 3520
38408 2622
38537 3594
38572 3023
38592 4689
38613 4267
38683 4707
38728 324
38751 3247
38845 739
38941 4786
39012 676
39139 4486
39284 989
39319 749
39326 4670
39652 3049
39682 3745
39806 62
39839 2992
39861 3275
39912 4396
40166 375
40178 3126
40196 2612
40253 3643
40270 1024
40295 5160
40313 2643
40343 567
40390 467
40471 2217
40547 4871
40679 5193
40844 5068
40868 502
40926 133
40946 1365
41011 1008
41147 4424
41199 386
41212 209
41421 3732
41493 4223
41530 838
41672 4016
41739 1449
41774 475
41801 3736
41964 3157
42132 4512
42344 4722
42490 3103
42496 2822
42527 4371
42533 3834
42574 2707
42658 2052
42685 1430
42718 1023
42738 1633
42752 3342
42760 4371
42767 2973
42951 759
43013 2637
43069 3923
43104 2295
43180 4676
43188 3584
43203 1316
43304 1163
43467 3852
43516 613
43538 2776
43591 2934
43659 1685
43718 781
43766 2323
43783 457
43791 1988
43807 2945
43830 3247
43970 554
44040 4630
44140 1600
44187 4984
44191 3700
44343 1389
44356 4344
44357 3941
44450 1457
44461 2973
44571 1415
44707 2704
44737 4410
44756 5080
44966 4735
45020 1634
45147 1422
45189 3329
45308 3416
45313 3885
45347 4492
45387 604
45415 1986
45424 2599
45494 4608
45536 397
45547 3965
45554 437
45626 3061
45736 5015
46027 1891
46181 4060
46279 6
46311 1974
46327 2218
46344 2773
46379 1359
46396 3129
46429 198
46444 346
46626 2990
46638 1380
46669 447
46715 528
46753 2166
46796 3903
46900 3444
46920 2808
46928 4011
47075 1187
47130 4595
47154 2130
47178 1249
47244 4901
47316 2201
47373 4517
47399 3932
47404 1170
47450 4205
47497 2121
47592 4992
47666 3600
47675 5235
47752 3508
47791 4622
47903 4437
47907 3284
47935 3137
47938 1963
47987 630
47990 3528
48010 4128
48019 4412
48055 3195
48058 3170
48087 1253
48292 2095
48299 587
48409 893
48489 246
48525 962
48538 1915
48578 859
48688 4204
48769 2200
48841 4907
48931 5172
49113 4494
49127 1665
49147 4177
49294 1812
49335 439
49373 4594
49464 480
49480 4751
49606 686
49646 2007
49757 2106
49903 5127
49998 745
50081 1928
50183 4361
50189 2462
50231 3909
50276 3054
50315 1692
50340 1029
50435 4321
50440 4436
50603 2973
50688 736
50690 3703
50694 249
50703 3915
50707 4439
50718 5041
50768 2173
50844 4382
50982 3754
51039 3189
51137 1116
51140 2214
51253 1393
51276 3751
51303 5020
51416 609
51468 4886
51583 334
51604 2962
51660 3607
51704 3897
51740 268
51747 1554
51866 898
51896 3349
51905 4055
52030 3690
52041 2560
52268 1999
52273 3811
52299 1728
52370 271
52406 945
52525 4250
52544 4030
52617 3219
52703 3120
52715 3711
52716 5115
52724 2050
52762 4641
52780 3607
52818 1947
52847 3131
52855 1785
52915 4014
53059 4837
53101 738
53111 1747
53117 4757
53124 2218
53238 3654
53393 4548
53410 231
53471 5229
53483 1784
53661 2130
53718 2301
53733 602
53739 1866
53817 3777
53822 4568
53852 3854
53908 836
53913 4914
53936 73
53991 1561
53999 5081
54018 4588
54074 3441
54155 1374
54218 3872
54407 5043
54540 1024
54542 1648
54690 449
54770 3986
54860 630
54876 5148
54929 1509
54941 1080
54950 2802
54957 4608
55064 1987
55081 1267
55145 2578
55235 2034
55286 3496
55428 3827
55453 3693
55476 2829
55558 1250
55611 4317
55647 211
55782 3471
55795 321
55866 2970
55939 2277
56035 2135
56124 2076
56252 24
56275 1135
56317 56
56433 504
56449 1366
56490 1460
56508 1017
56577 1895
56695 4196
56696 889
56702 4105
56830 2136
57034 2757
57134 1958
57208 3884
57214 780
57288 1825
57291 1373
57292 2481
57316 3883
57345 1913
57400 4240
57418 2583
57447 107
57481 199
57508 4739
57514 348
57547 4325
57589 2899
57591 130
57708 218
57746 4277
57760 3614
57802 1176
57847 4056
57878 3812
57964 1417
57970 5073
57972 4502
58058 1873
58109 148
58132 1844
58158 2384
58169 1670
58189 4189
58200 635
58291 170
58329 4947
58391 2174
58551 1509
58622 3642
58771 5069
58872 3373
58902 426
58950 2707
59001 1335
59032 4182
59044 185
59122 1033
59138 685
59140 4673
59159 3479
59166 3903
59214 5069
59283 1649
59299 80
59300 1039
59481 1494
59520 4082
59576 3696
59607 3953
59706 109
59739 1049
59791 1524
59814 352
59824 1009
59908 1420
59952 4672
59968 5067
60166 2165
60178 3357
60219 3923
60226 2023
60276 2332
60304 971
60340 2352
60378 5053
60390 1789
60391 836
60398 316
60414 1878
60481 2844
60561 4651
60566 4254
60569 1691
60588 59
60615 3013
60624 1385
60766 755
60818 4290
61105 1583
61108 5045
61159 458
61176 203
61198 4890
61395 1913
61400 4664
61413 5037
61439 600
61530 5217
61534 4111
61543 4818
61919 4143
61977 3550
62007 4456
62031 3241
62109 536
62110 300
62134 4801
62135 2603
62138 4432
62147 767
62184 3293
62259 4242
62324 3489
62357 4089
62365 3886
62375 98
62381 3967
62689 3721
62725 3405
62868 2661
62935 3088
62965 3382
62997 1321
63087 433
63165 4790
63204 2453
63254 1825
63304 1373
63323 601
63357 1516
63359 2673
63519 1533
63677 2487
63695 2901
63705 1423
63718 1546
63890 763
63938 5098
63981 4372
64040 4047
64092 1018
64245 2430
64287 3702
64289 3939
64355 782
64362 594
64427 4656
64452 337
64528 1414
64558 312
64609 737
64612 5200
64668 3918
64827 2782
64871 509
65003 1537
65046 2716
65053 1630
65087 4869
65100 4306
65104 4796
65107 4260
65123 2029
65124 4248
65297 4769
65353 3112
65361 4450
65398 672
65429 2538
65444 2797
65453 5155
65536 2742
65613 1952
65720 2933
65742 3179
65765 2690
65963 2773
66052 501
66243 4272
66339 4269
66402 4514
66421 3388
66555 4777
66722 53
66747 4144
66748 3732
66751 900
66758 3121
66783 2368
66804 4606
66919 1425
66932 2200
66943 586
66965 3489
67030 1483
67129 2306
67135 5195
67195 1954
67202 588
67208 4750
67230 575
67241 4939
67256 4406
67343 2324
67395 2684
67421 1472
67581 316
67642 3017
67696 2787
67730 4473
67732 3999
67736 3293
67827 155
67884 3089
67893 5257
67932 4407
67962 4828
67977 2806
68033 3791
68049 2060
68070 2278
68142 4440
68169 336
68229 89
68236 3959
68285 4593
68335 1788
68399 3754
68533 4112
68574 4865
68630 4572
68640 2280
68713 503
68716 4863
68760 1817
68798 2912
68810 2378
68824 2852
68882 1345
68894 784
68968 2626
69041 800
69043 2898
69045 460
69065 4451
69096 3963
69114 3956
69127 4833
69169 436
69300 298
69502 613
69513 35
69551 3492
69556 4880
69612 1373
69710 4177
69847 3591
69906 3349
69933 3413
70071 4467
70072 122
70144 4957
70336 4380
70354 1811
70438 2727
70469 4781
70509 4841
70538 762
70619 5175
70632 2257
70731 3818
70757 1688
70758 2536
70779 898
70854 4101
70863 2134
70874 5175
70880 666
71033 2654
71087 4594
71164 2419
71210 2515
71214 4244
71218 1456
71278 4644
71282 2754
71306 475
71327 1890
71548 3817
71600 3871
71624 3110
71641 4210
71830 2586
71846 3248
71862 1750
71928 4930
72084 1599
72364 3007
72381 3987
72395 3054
72430 4160
72476 4848
72504 1599
72506 4930
72516 3770
72535 937
72577 4383
72642 4433
72657 5012
72748 151
72837 2850
72852 1446
72860 606
72942 616
73128 2361
73158 2292
73201 3099
73233 564
73320 2613
73337 3673
73363 4037
73373 229
73430 1652
73767 4748
73796 3274
73933 4574
73973 1440
74240 3573
74328 3312
74391 4269
74478 2662
74555 1484
74620 3982
74621 507
74629 1320
74707 4400
74892 4828
75087 2306
75196 3474
75240 3216
75250 2663
75316 2354
75365 2428
75387 4848
75433 174
75440 3717
75480 342
75569 3373
75646 1324
75711 216
75754 1692
75819 2513
75950 1766
76047 3174
76099 2118
76177 3181
76193 2772
76209 190
76392 1612
76430 291
76449 575
76505 2815
76545 1116
76551 4407
76557 582
76816 3029
76911 2892
77084 1179
77150 1093
77163 3877
77180 1421
77224 4994
77240 2619
77280 3937
77388 1845
77410 22
77567 3049
77585 4712
77588 413
77631 1002
77715 1180
77768 4712
77837 2805
78097 2868
78106 1388
78118 3748
78121 4394
78133 3309
78134 2941
78296 2498
78331 585
78355 1409
78356 5052
78374 1603
78388 2173
78394 1731
78450 1849
78528 3725
78640 4200
78729 3884
78765 2109
78778 805
78803 2242
78812 2487
78858 1025
78986 3485
79012 1411
79081 1200
79160 1527
79295 3135
79324 630
79348 3174
79497 1504
79504 1848
79507 3463
79580 1803
79597 1500
79698 4696
79895 696
79953 3963
79993 2199
80006 4933
80088 420
80100 4884
80132 2224
80147 364
80159 2899
80263 422
80291 5227
80298 3366
80318 3564
80322 886
80341 1989
80345 757
80410 562
80728 1174
80735 4610
80739 3417
80757 2977
80879 3519
80934 2238
80971 2366
81016 2781
81039 2945
81103 2017
81117 59
81126 4049
81170 540
81177 2405
81194 2607
81205 1393
81207 966
81261 1356
81453 1698
81512 2295
81543 1859
81549 2249
81638 3317
81758 2930
81789 4106
81820 1763
81871 2409
82004 2645
82016 3026
82032 909
82035 1899
82063 2534
82068 4547
82072 3024
82195 3011
82212 4826
82313 2954
82314 4242
82320 632
82332 2669
82341 450
82385 3246
82419 2848
82438 4309
82470 2335
82472 51
82505 574
82512 4052
82517 4125
82568 1668
82591 2855
82615 2477
82724 4037
82729 4057
82801 1195
82818 1168
82852 4718
82932 3015
82963 5198
82982 781
83078 2932
83154 3307
83162 1752
83210 2372
83297 1972
83418 3822
83433 2037
83453 1355
83537 1063
83568 2555
83576 3202
83612 2594
83623 671
83741 153
83761 358
83777 3621
83782 3444
83931 1077
83979 4480
84003 2260
84056 2340
84129 4011
84152 3047
84366 773
84493 4820
84497 4788
84558 74
84606 3372
84618 1615
84680 1137
84798 3333
84871 4292
84907 5069
85141 4165
85225 2974
85253 4311
85453 1560
85481 1438
85550 2595
85595 2130
85601 3449
85680 5105
85900 1918
86024 2319
86061 576
86096 1225
86120 1895
86133 3908
86139 1406
86197 4630
86248 4126
86262 3649
86308 1087
86337 3883
86351 928
86479 2197
86523 4885
86557 4011
86621 4098
86659 3374
86869 376
86935 1640
87080 3690
87082 1900
87207 1263
87252 80
87395 4907
87549 2277
87576 3924
87615 4424
87630 3044
87711 3853
87717 1302
87733 38
87755 2267
87873 3827
87907 1559
87929 2140
87935 1687
88041 801
88047 622
88066 11
88113 4786
88141 5017
88239 600
88262 4142
88300 5033
88304 7
88490 2197
88536 4665
88553 2702
88567 3564
88605 2554
88628 4876
88634 3297
88679 135
88701 3756
88719 1521
88800 3825
89066 3202
89212 1260
89232 4029
89338 305
89362 1491
89500 3249
89534 618
89562 794
89769 3493
89806 360
89844 1594
89997 4809
90031 404
90055 3162
90069 3637
90353 516
90408 3696
90510 3876
90544 3342
90554 4068
90576 4708
90677 2826
90727 222
90755 4302
90882 126
90884 992
90909 2231
91075 2455
91111 539
91201 5110
91286 1946
91317 474
91414 1084
91432 1066
91440 3594
91641 4992
91679 4441
91686 3597
91777 884
91852 3449
91877 3255
91948 1576
92030 1330
92083 3211
92099 3001
92108 11
92256 3114
92269 1974
92351 3924
92381 4231
92464 933
92467 2768
92484 2072
92529 4741
92536 2470
92598 865
92634 1812
92667 3255
92740 1400
92860 4381
92983 2924
92984 4849
93008 1347
93077 3324
93261 2545
93348 4030
93354 276
93397 3215
93453 207
93492 4982
93526 1630
93574 320
93577 3036
93666 1128
93746 1802
93813 1891
93826 445
93831 4838
93849 4289
93853 1840
94044 4634
94060 5097
94065 916
94068 4387
94087 4236
94343 3063
94539 127
94630 2248
94642 2798
94646 3641
94652 1495
94682 1784
94725 2305
94727 2667
94755 556
94781 1075
94832 4610
94833 1674
94870 2396
94871 3096
94970 1424
95090 5031
95116 4273
95158 2808
95195 2338
95205 1581
95224 2351
95247 1210
95373 275
95432 1971
95506 5125
95509 1997
95652 3316
95814 3838
95843 2690
95864 688
96003 2945
96008 1798
96183 1603
96242 3774
96276 1200
96336 3693
96371 3567
96446 192
96465 1558
96473 1574
96505 1684
96514 1018
96523 1879
96585 734
96602 2501
96719 1642
96843 422
96880 4146
97047 3009
97061 690
97186 5145
97323 2188
97328 211
97343 2450
97426 887
97525 3312
97637 4508
97659 2026
97799 2968
97807 821
97891 5151
97932 209
97942 2761
98035 3873
98152 4280
98250 3103
98313 1435
98315 3362
98368 4639
98381 4206
98470 317
98513 681
98516 1946
98598 1458
98608 1838
98685 701
98739 219
98787 4781
98956 1791
98964 4665
98965 4880
99007 2763
99012 2236
99040 1762
99085 4302
99176 2019
99238 3024
99247 61
99388 3364
99406 4396
99499 3890
99537 4888
99559 4320
99625 2019
99679 3589
99796 2003
99821 3267
99880 4638
99885 2087
99889 409
99924 1306
99939 4705
