710 39725 10000 313
206 9792
697 2570
701 8131
769 4854
826 4717
861 758
1065 7029
1436 638
1440 5588
1764 7944
1800 9157
1819 3538
2116 5607
2280 3363
2873 1468
3245 4953
3518 4420
3781 52
4003 6744
4099 3534
4152 3126
4186 5229
4301 32
4341 163
4598 8983
4705 2837
4714 7823
4898 9328
4945 2938
5201 1818
5258 2102
5574 7612
5739 1467
5914 5738
6011 5487
6201 2343
6385 2391
6784 508
7181 6085
7220 498
7276 8063
7353 3573
7458 2885
7598 658
7601 5374
7662 358
7698 7851
8120 875
8241 8184
8297 2194
8332 7760
8393 8859
8420 933
8705 2495
8730 7326
8803 6606
8878 6909
8892 3237
9180 8867
9438 4979
9469 9201
9513 1062
9958 9873
10165 9283
10354 8202
10442 3193
10457 9631
10482 9409
10608 9600
10643 6026
10648 3583
10669 2161
10760 6754
10833 5294
10908 4979
11059 9865
11066 9998
11113 5422
11253 7115
11375 5296
11451 2937
11910 8912
12081 325
12112 2700
12180 6666
12188 5141
12274 5617
12303 558
12495 4718
12699 4238
13163 6605
13231 6879
13573 3125
13654 9755
13672 1439
13795 1980
13846 7887
13973 6217
14196 1136
14343 8032
14627 4180
14646 3407
14763 8871
14810 8927
15266 5335
15330 4309
15655 6957
15833 5945
15942 5137
16005 7342
16319 5375
16408 7932
16575 5998
16666 6877
16746 888
17008 1366
17139 4949
17163 1080
17170 7736
17286 6586
17329 3517
17571 4148
17655 8800
17903 4843
17925 4815
18058 5879
18070 7640
18097 4354
18206 1222
18453 9418
18481 3842
18565 9995
18799 8706
18829 8795
18941 4526
18955 3509
18977 6949
18980 3365
19033 5749
19232 8682
19421 7184
19516 5107
19655 7361
19687 8911
19754 1501
19886 4962
19968 924
20053 3243
20175 8728
20249 782
20253 8048
20451 3844
20673 2678
21124 6019
21134 4004
21157 7674
21272 2172
21301 1662
21304 4236
21386 9291
21431 8683
21435 8999
21671 6920
22130 9653
22140 735
22183 9501
22564 1937
22577 4005
22711 9402
22828 7475
22833 778
23105 5345
23228 8298
23405 2512
23462 3531
23507 5167
23732 6978
23959 7185
23968 487
24158 568
24164 5922
24294 3458
24321 26
24538 4035
24561 950
24682 9879
24779 8357
24844 686
24915 1838
24934 2585
25065 759
25320 2789
25406 1641
25557 5970
25651 4797
25790 4265
25828 774
25932 4814
26616 5103
26644 4948
26912 3381
26927 1152
26939 2250
26978 572
26991 7424
27019 4868
27043 6299
27073 9290
27095 8812
27155 8266
27283 4247
27287 4994
27490 9455
27508 9162
27669 7786
27704 8292
27791 2148
27871 5231
28105 5336
28440 9085
28488 8580
28609 3831
28738 9564
28757 3142
29240 7493
29334 3007
30038 7003
30103 3702
30674 5079
30679 3495
30688 8421
30694 151
30886 3254
30900 3033
30924 3348
30990 5929
31196 8199
31242 4382
31737 3198
31859 5148
31927 661
31978 9397
31986 943
32166 5985
32437 4060
32467 426
32920 6978
33032 9726
33247 1986
33555 6881
33618 9498
33943 9803
34070 9269
34205 814
34471 1767
34630 2985
34890 3759
34982 3240
35122 8318
36057 3697
36155 7225
36279 4328
36546 5197
36641 3125
36710 2437
36775 1778
36855 9170
36911 1954
36967 1154
37079 1242
37347 4417
37809 3260
37901 7527
38033 7141
38071 6008
38487 4152
38732 9030
39114 2690
39181 8164
39196 1190
39722 6935
39800 3989
39851 1669
39869 7509
39958 6331
40112 9894
40130 1462
40144 7964
40163 2102
40253 2045
40486 357
40489 9496
40523 7723
40672 3456
40767 267
41003 1329
41011 7933
41137 606
41149 9757
41178 6776
41207 1717
41273 2321
41317 848
41638 7200
42128 722
42216 6557
42404 1621
42687 8317
42937 8478
43015 5594
43107 5433
43176 7395
43282 9228
43308 6916
43467 3804
43522 552
43592 239
43646 4194
43778 43
43825 3797
44336 9156
44613 6165
44710 4863
44859 4092
44916 274
45033 1324
45085 9991
45089 1699
45102 3406
45134 2507
45556 9779
45572 8230
46074 4972
46258 2286
46310 9484
46615 849
46872 8796
46914 1640
46917 3771
46957 6826
47094 1206
47155 3556
47377 4916
47549 1338
47558 9246
47596 5292
47731 2333
47963 7941
48499 4052
48692 8792
48733 3374
49164 8069
49304 3940
49352 4706
49401 4311
49512 3434
49546 9067
49628 4631
49701 3769
49724 2559
49952 3028
49996 3689
50250 6942
50281 1413
50504 4745
50553 9074
50568 4089
50605 4115
50616 4122
50657 390
50658 4102
50689 4655
51016 7589
51228 4091
51281 6921
51422 1059
51491 8896
51530 4078
51809 9577
51989 6455
52011 7256
52064 8756
52075 7211
52123 172
52130 6383
52561 7906
52613 7566
52803 1426
52951 990
52975 8922
53533 1610
53665 1941
53675 8104
53873 9385
53972 4657
53978 2786
54456 5511
54733 1126
55219 7332
55272 1513
55310 2677
55336 921
55477 5464
55583 7948
56384 1568
56413 3303
56483 7448
56643 7753
57020 8104
57296 1244
57336 5824
57369 8554
57392 6235
57481 9540
57537 157
57873 7059
57874 7103
57934 2494
58185 4234
58205 3237
58310 9769
58481 3432
58536 2463
58543 3020
58605 7851
59013 7259
59168 6931
59562 6310
59692 7138
59719 9811
59840 3803
59986 8714
60101 7397
60107 176
60150 8430
60167 7904
60250 4655
60400 3817
60544 1918
60854 2438
60957 8305
60973 9822
61095 7570
61263 3606
61304 1855
61309 4697
61338 2606
61437 9031
61563 8086
61645 2146
61843 1011
61876 281
61912 4877
62031 3811
62473 3964
62751 1657
63211 3843
63476 6112
63534 7481
63689 9747
63942 726
63967 4800
64005 2684
64067 1996
64659 4130
65000 7285
65361 8729
65603 9886
65629 5743
65780 4856
65824 3382
66192 8016
66203 3366
66295 866
66377 8101
66812 4777
67078 448
67290 9525
67722 9679
67733 941
67858 1139
67891 2028
67911 8524
68015 141
68130 5159
68173 267
68178 6263
68183 3163
68272 4668
68738 3298
68979 6473
69099 7715
69108 8851
69163 7441
69328 5402
69449 4288
69819 6679
70102 128
70140 2857
70417 5514
70569 2424
70629 3335
70652 187
70718 7914
70832 3888
70883 9430
70913 1397
71137 9954
71224 7921
71513 8789
71693 6160
71812 4314
71854 5523
72154 1884
72187 1482
72420 9812
72459 6655
72486 5043
72497 6253
72519 2816
72583 4993
72780 9705
73135 9125
73150 9417
73337 4692
73465 1162
73469 2001
73700 3107
73735 4146
73758 6477
73981 5662
74081 4250
74237 3424
74253 4710
74331 1659
74665 2450
74927 6065
75096 2392
75115 4366
75121 5637
75347 4906
75648 6985
75733 6107
76118 771
76122 1384
76346 6384
76367 6653
76478 6838
76487 7814
76501 9066
76732 8734
76757 1899
76788 4019
76957 1429
76984 2630
77108 7263
77514 9243
77620 9086
77741 6362
77951 1735
77960 6570
78195 5842
78671 7054
78864 5416
78882 5820
79536 7244
79552 9367
79591 9444
79899 4537
79971 1786
80123 9251
80233 8336
80241 1110
80256 7878
80516 751
80561 2777
80630 5351
80722 5065
81191 7841
81513 546
81865 7484
81983 1440
82182 8775
82282 7030
82284 6937
82291 3973
82296 5227
82410 190
82572 7838
82594 5645
82820 3124
83008 3343
83178 4629
83333 2553
83446 7360
83569 5886
83730 6759
83750 5008
83869 1013
83985 7394
84002 3496
84007 4667
84179 7241
84186 9501
84364 4702
84426 3359
84627 9829
84672 777
84727 6532
85393 5531
85511 6903
85553 9788
85650 7930
86008 7195
86045 9178
86068 7974
86127 4704
86886 3907
86962 9198
87151 722
87287 3485
87415 5795
87512 6466
87532 8502
87582 3119
87699 3101
87804 2671
87982 8247
88213 2304
88411 8571
88605 6711
88627 6461
88871 2098
89170 4617
89265 8012
89578 7233
89602 7075
89919 3296
89978 9481
90046 2199
90208 5329
90251 3635
90432 3007
90615 8487
90730 173
90744 9258
90773 2323
90791 7757
90812 4629
90827 3800
90853 7760
90942 4656
91361 4783
91379 6390
91422 6829
91558 4357
91578 1873
91630 2990
91681 8470
91771 5042
91906 5869
91967 7125
92861 9825
93139 6367
93518 2191
93578 4559
93722 5880
93850 4988
94095 8800
94434 8561
94444 5767
94499 4352
94598 9257
94650 5152
95217 8335
95289 8371
95483 6037
95513 7524
95535 9257
95753 4268
95839 461
95890 642
95903 1392
96024 8336
96038 3090
96145 3723
96219 8551
96239 1917
96255 6194
96486 804
96707 5653
96732 6356
96791 8644
97146 7573
97186 1289
97221 9926
97392 5712
97471 2460
97822 6657
97915 2550
98035 1515
98040 8089
98416 9362
98486 452
98545 895
99113 3380
99129 2327
99150 9739
99353 649
99703 1063
