10000 100000 9990 1
10 722
11 42
30 116
35 438
47 690
49 369
72 234
94 243
101 34
133 884
135 571
143 365
150 829
185 549
186 361
191 698
192 111
194 41
223 249
227 440
232 180
264 679
265 341
273 345
276 700
279 898
293 300
300 878
302 47
313 203
314 105
336 859
337 533
346 163
366 400
370 509
381 825
388 44
396 363
400 52
420 755
454 67
462 397
472 548
477 373
478 303
527 972
530 574
549 530
555 175
562 982
568 703
578 76
589 95
603 785
614 609
621 374
635 103
645 103
646 413
654 926
657 979
661 862
664 275
675 663
680 46
684 36
699 954
700 190
708 180
713 860
743 834
765 131
781 415
788 313
792 409
799 906
809 214
815 245
816 14
821 477
823 273
827 403
839 873
844 313
855 262
872 641
875 855
897 225
899 379
901 528
916 169
927 136
948 189
949 973
950 719
953 37
956 809
965 333
973 970
982 907
993 101
998 124
1005 3
1007 250
1012 946
1029 397
1035 791
1059 870
1080 564
1096 781
1100 443
1112 818
1114 728
1116 308
1124 380
1139 187
1144 30
1197 533
1206 126
1240 784
1243 507
1246 818
1278 33
1300 694
1317 336
1333 130
1350 405
1353 480
1361 312
1366 155
1375 69
1378 685
1380 447
1389 381
1397 790
1398 1
1402 790
1405 649
1409 755
1418 88
1427 285
1428 764
1436 731
1439 131
1441 59
1455 765
1464 822
1473 310
1486 776
1489 725
1497 652
1498 196
1507 854
1512 998
1518 457
1528 430
1534 812
1553 344
1564 89
1573 642
1576 87
1577 65
1579 372
1591 175
1597 45
1605 214
1606 230
1623 215
1626 689
1630 750
1639 811
1658 573
1687 237
1711 780
1726 321
1728 555
1736 777
1756 668
1778 572
1793 233
1807 700
1814 564
1829 732
1842 736
1851 345
1853 518
1861 518
1862 680
1865 513
1892 686
1895 261
1900 957
1902 377
1904 622
1906 327
1939 138
1944 346
1948 940
1961 479
1965 168
1982 730
1986 963
1990 510
1999 739
2005 210
2036 568
2073 784
2087 135
2094 82
2109 192
2114 36
2122 32
2128 319
2153 966
2159 912
2162 838
2163 442
2172 712
2188 540
2200 903
2208 634
2210 557
2214 681
2220 681
2231 531
2235 434
2242 693
2264 465
2267 643
2275 788
2286 722
2289 614
2294 999
2320 974
2348 331
2355 52
2360 755
2365 188
2367 580
2370 712
2371 9
2379 952
2387 544
2388 963
2390 713
2395 45
2414 510
2430 363
2447 367
2449 320
2451 154
2452 432
2460 296
2462 247
2469 38
2472 24
2494 277
2495 694
2498 387
2502 776
2516 119
2524 485
2534 949
2569 45
2589 461
2613 167
2614 232
2619 781
2621 852
2627 145
2633 622
2646 999
2665 100
2683 895
2694 714
2702 967
2723 713
2740 327
2749 922
2758 906
2765 27
2774 324
2783 95
2785 596
2803 803
2829 515
2831 820
2833 261
2837 963
2843 989
2855 328
2856 214
2872 655
2898 875
2904 162
2907 953
2920 981
2933 578
2940 609
2945 165
2963 118
2966 77
2977 758
2979 450
2983 438
2992 287
2993 925
2994 398
2999 615
3001 749
3004 724
3008 883
3019 439
3021 207
3031 59
3036 417
3044 569
3048 842
3055 715
3068 975
3073 448
3077 401
3078 360
3084 116
3114 647
3118 360
3120 360
3142 248
3148 763
3149 528
3151 987
3162 58
3171 457
3196 213
3210 385
3216 375
3237 982
3244 977
3254 121
3264 280
3267 237
3277 607
3288 131
3289 980
3299 636
3301 609
3316 411
3319 63
3321 808
3322 440
3325 629
3331 338
3335 569
3342 112
3354 201
3367 458
3369 265
3390 867
3409 277
3413 162
3418 766
3420 902
3433 292
3435 400
3466 789
3473 138
3489 646
3490 564
3493 616
3495 151
3503 907
3505 400
3507 29
3512 237
3518 262
3520 53
3526 273
3529 628
3560 942
3561 65
3583 677
3590 158
3607 357
3608 711
3614 780
3616 876
3618 463
3624 793
3639 89
3640 847
3660 750
3663 758
3686 231
3692 466
3740 568
3748 98
3750 787
3754 206
3755 420
3796 586
3818 483
3828 962
3830 614
3832 725
3836 638
3846 340
3853 919
3854 56
3857 732
3861 972
3875 852
3881 6
3884 197
3889 535
3892 160
3901 681
3903 434
3908 39
3912 600
3928 685
3931 920
3933 139
3934 973
3936 38
3944 967
3950 954
3954 932
3959 25
3981 528
3983 388
3993 864
4024 979
4030 41
4034 74
4038 416
4046 17
4061 919
4070 349
4086 656
4096 998
4110 70
4113 71
4122 415
4125 235
4139 118
4149 540
4158 786
4166 133
4184 445
4191 907
4194 923
4223 162
4224 979
4228 938
4233 484
4257 258
4263 84
4272 625
4278 737
4324 513
4331 477
4338 782
4374 3
4390 451
4404 515
4416 627
4426 636
4440 784
4442 994
4448 762
4464 191
4476 769
4484 723
4499 717
4523 816
4525 833
4558 678
4562 78
4563 715
4591 976
4598 194
4603 253
4649 682
4659 745
4676 963
4682 995
4698 519
4703 431
4706 894
4710 52
4714 342
4731 752
4743 15
4763 447
4764 795
4766 791
4774 263
4784 265
4794 186
4808 788
4814 985
4827 894
4831 215
4832 971
4836 775
4848 969
4869 820
4879 179
4898 633
4901 159
4904 530
4909 180
4916 586
4926 228
4927 342
4933 205
4958 233
4969 118
4970 26
4976 378
4979 674
4983 876
4995 561
5001 184
5003 632
5004 955
5008 922
5010 241
5025 614
5054 228
5063 765
5064 600
5066 613
5067 598
5076 872
5099 877
5131 979
5138 3
5174 665
5179 225
5199 866
5210 445
5220 40
5244 696
5245 370
5250 711
5262 466
5266 799
5267 798
5276 749
5301 49
5302 793
5308 348
5319 585
5330 176
5332 377
5355 873
5378 876
5385 84
5399 608
5400 825
5419 533
5428 1
5436 754
5438 15
5443 814
5454 522
5458 24
5474 434
5487 432
5492 75
5500 927
5501 895
5507 70
5521 571
5528 417
5536 791
5538 648
5568 867
5605 871
5606 930
5608 989
5609 517
5619 316
5630 75
5659 92
5663 596
5666 794
5677 540
5678 224
5682 622
5698 663
5733 877
5734 74
5745 580
5749 157
5758 708
5771 968
5790 92
5796 268
5809 665
5820 43
5826 205
5852 338
5885 372
5897 894
5904 896
5908 320
5925 585
5927 549
5965 772
5981 539
5996 959
6002 559
6011 589
6017 937
6021 914
6035 909
6046 831
6069 220
6076 305
6091 458
6123 743
6130 216
6140 392
6148 681
6153 796
6166 584
6169 851
6173 934
6175 310
6176 932
6182 27
6196 860
6214 724
6234 114
6237 612
6245 239
6282 581
6284 541
6292 743
6294 639
6298 916
6307 735
6323 30
6363 279
6373 431
6376 512
6389 256
6393 40
6403 82
6406 412
6408 678
6428 813
6443 350
6472 70
6473 421
6475 548
6495 561
6519 980
6531 487
6532 591
6536 404
6539 139
6545 529
6551 862
6561 433
6567 582
6584 328
6593 634
6614 273
6616 576
6619 507
6624 573
6633 333
6643 196
6650 982
6653 709
6655 29
6656 51
6659 889
6665 241
6666 487
6668 664
6695 892
6696 204
6701 203
6734 349
6736 339
6737 178
6740 173
6751 580
6755 667
6760 872
6765 941
6770 454
6776 215
6789 6
6801 536
6809 218
6812 262
6823 674
6827 268
6829 995
6830 932
6831 320
6841 436
6845 66
6861 639
6877 389
6878 356
6883 381
6892 462
6895 494
6910 308
6932 660
6948 246
6949 542
6957 324
6978 38
6990 299
7036 813
7037 706
7043 688
7053 741
7058 899
7072 930
7088 56
7093 167
7097 207
7107 118
7126 956
7127 528
7129 213
7137 204
7152 650
7162 927
7177 920
7181 415
7182 984
7196 64
7206 565
7210 231
7280 997
7281 346
7287 379
7289 18
7296 798
7306 28
7308 1
7341 686
7347 296
7369 32
7399 477
7407 769
7408 928
7422 414
7431 179
7464 118
7467 155
7474 348
7476 638
7482 408
7486 577
7512 620
7531 36
7533 96
7553 218
7554 582
7561 645
7562 204
7563 825
7564 942
7586 297
7608 896
7626 62
7627 359
7637 999
7649 631
7668 450
7669 363
7671 916
7679 715
7689 94
7693 409
7702 197
7710 271
7724 898
7727 957
7730 327
7739 471
7750 147
7751 406
7755 870
7771 787
7772 942
7781 731
7785 873
7789 11
7810 620
7811 858
7815 475
7819 787
7822 737
7838 408
7841 120
7843 926
7871 214
7873 814
7893 666
7905 188
7906 32
7908 581
7911 81
7915 61
7922 967
7925 326
7926 800
7930 32
7936 917
7944 574
7949 694
7950 922
7987 440
8004 426
8021 838
8039 926
8056 397
8058 445
8060 422
8063 95
8086 669
8089 560
8096 61
8100 208
8102 336
8107 424
8109 340
8138 393
8144 302
8145 63
8153 523
8160 766
8163 178
8179 623
8182 954
8184 925
8202 724
8205 442
8207 48
8215 93
8236 147
8238 845
8247 257
8263 742
8265 841
8271 211
8277 445
8284 932
8299 808
8314 931
8316 641
8349 224
8368 332
8372 187
8386 426
8402 527
8403 59
8405 860
8413 22
8432 888
8443 159
8452 286
8454 662
8455 83
8457 609
8469 498
8493 316
8495 637
8511 137
8512 289
8530 823
8532 26
8559 360
8564 199
8565 278
8571 714
8580 133
8585 570
8586 937
8603 367
8628 432
8629 105
8642 704
8656 966
8658 349
8679 700
8691 616
8720 457
8732 474
8743 203
8781 276
8827 968
8830 210
8843 886
8857 260
8858 963
8870 966
8873 811
8887 376
8892 902
8895 469
8922 959
8929 274
8937 119
8940 94
8947 944
8959 10
8968 170
8985 244
8988 873
8989 820
9028 916
9033 584
9046 193
9048 284
9055 473
9070 727
9081 812
9084 391
9115 310
9129 860
9136 378
9138 823
9145 477
9146 306
9164 996
9172 892
9183 224
9186 738
9198 109
9209 226
9217 541
9221 216
9228 61
9243 470
9271 736
9291 879
9312 788
9323 330
9340 128
9354 598
9371 831
9390 95
9392 639
9395 825
9398 157
9406 357
9410 229
9433 719
9440 758
9443 300
9447 101
9453 339
9484 107
9501 231
9509 481
9510 13
9533 463
9538 648
9542 750
9543 22
9544 706
9578 202
9589 768
9608 756
9609 425
9612 58
9616 346
9654 843
9656 120
9660 769
9670 703
9673 499
9682 456
9684 158
9686 47
9688 703
9694 4
9695 411
9698 44
9740 170
9756 582
9813 762
9815 703
9821 847
9826 424
9832 170
9838 169
9839 562
9840 139
9844 172
9847 156
9849 54
9862 166
9868 609
9874 836
9876 346
9881 452
9897 801
9928 937
9940 220
9944 40
9947 954
9952 757
10010 385
10024 599
10039 540
10049 408
10070 1
10092 559
10112 789
10113 760
10129 620
10137 420
10140 348
10146 117
10147 835
10152 400
10184 807
10217 677
10245 315
10248 234
10278 609
10291 548
10310 312
10317 334
10323 934
10329 641
10346 319
10350 141
10353 205
10360 833
10363 638
10384 49
10406 177
10407 639
10414 157
10425 531
10432 931
10438 906
10440 941
10445 802
10459 462
10472 821
10481 461
10487 215
10488 862
10492 53
10526 211
10540 428
10547 61
10554 379
10559 618
10604 948
10612 908
10622 231
10632 890
10633 798
10635 623
10641 207
10650 933
10657 398
10664 186
10668 646
10670 96
10685 429
10693 571
10699 769
10720 241
10724 305
10737 410
10743 484
10746 423
10768 683
10785 299
10793 225
10795 885
10799 833
10805 981
10815 144
10830 151
10843 824
10864 118
10898 626
10901 253
10906 986
10908 309
10914 485
10918 203
10922 997
10926 394
10932 440
10983 986
10987 389
10995 316
11008 242
11010 481
11012 316
11016 79
11027 319
11038 943
11050 683
11065 767
11069 663
11088 530
11095 832
11099 191
11118 261
11122 28
11124 319
11133 815
11137 669
11138 311
11151 802
11156 609
11160 487
11162 283
11163 110
11192 491
11218 66
11236 713
11273 28
11279 657
11290 300
11293 355
11299 42
11304 360
11306 774
11316 864
11332 467
11337 338
11352 961
11369 31
11374 373
11389 138
11390 420
11424 983
11431 620
11435 236
11442 330
11462 906
11464 775
11486 959
11515 631
11520 576
11524 924
11538 251
11555 119
11563 936
11578 306
11598 832
11615 265
11617 756
11625 72
11631 795
11659 269
11665 273
11683 606
11684 790
11705 428
11727 647
11735 309
11745 63
11747 940
11749 700
11752 927
11759 241
11767 24
11775 606
11798 528
11808 784
11811 452
11821 799
11861 708
11870 85
11890 225
11896 956
11898 880
11899 627
11911 647
11923 609
11925 572
11947 933
11955 962
11960 83
11964 289
11969 723
11976 656
11977 161
11995 261
11999 868
12014 529
12019 532
12032 983
12036 612
12037 454
12042 284
12051 196
12053 602
12055 382
12059 183
12065 891
12070 299
12072 253
12083 107
12093 794
12094 646
12100 161
12106 330
12108 159
12130 325
12140 94
12142 78
12146 714
12156 557
12160 457
12163 794
12165 600
12181 898
12189 492
12203 835
12209 432
12213 633
12236 425
12243 416
12249 280
12250 282
12290 402
12310 946
12331 473
12341 768
12411 707
12415 941
12426 563
12430 616
12441 695
12446 111
12475 893
12492 268
12500 245
12512 954
12513 575
12528 940
12548 898
12549 683
12556 958
12557 171
12571 535
12575 693
12637 828
12650 945
12653 933
12674 932
12677 591
12680 805
12688 455
12698 150
12705 283
12717 66
12723 449
12733 900
12758 494
12780 674
12792 597
12814 72
12823 42
12834 803
12840 0
12848 200
12856 747
12859 50
12864 285
12872 607
12888 283
12904 300
12917 143
12941 593
12949 804
12951 1
12957 723
12975 582
12976 2
12984 584
12986 534
12988 485
12994 657
13002 796
13007 74
13009 732
13025 866
13041 123
13046 864
13048 817
13074 736
13082 476
13101 316
13114 333
13118 193
13122 642
13126 703
13145 665
13149 605
13162 854
13166 770
13177 37
13213 551
13215 367
13222 181
13229 987
13244 921
13258 522
13281 800
13282 971
13288 836
13302 88
13315 161
13318 747
13330 879
13343 584
13351 493
13352 26
13354 774
13361 829
13401 782
13407 172
13415 55
13419 399
13422 454
13437 193
13440 830
13451 799
13466 482
13470 588
13477 18
13478 499
13489 26
13500 287
13504 632
13535 694
13549 200
13564 495
13566 418
13576 599
13580 329
13583 56
13594 914
13603 450
13618 830
13621 57
13626 294
13661 151
13677 473
13706 693
13709 293
13712 293
13719 316
13732 79
13773 819
13777 497
13784 397
13805 440
13806 140
13812 400
13821 75
13827 1000
13835 759
13838 283
13839 123
13840 328
13858 943
13870 812
13883 697
13920 536
13938 11
13947 731
13956 727
13958 690
13959 943
13984 437
14001 426
14008 847
14026 899
14027 463
14029 642
14036 294
14044 163
14047 738
14054 419
14060 162
14065 767
14075 753
14104 209
14116 710
14146 748
14150 743
14177 101
14178 621
14183 402
14184 944
14185 642
14198 82
14221 259
14222 270
14237 255
14243 373
14262 925
14273 248
14293 369
14299 261
14300 712
14302 196
14329 584
14339 499
14351 836
14358 726
14369 300
14387 636
14410 729
14421 622
14426 731
14431 720
14436 226
14451 274
14462 699
14468 475
14472 504
14477 706
14478 803
14483 989
14508 896
14514 402
14520 777
14522 92
14551 140
14559 989
14570 304
14571 776
14578 644
14581 334
14604 769
14609 967
14611 969
14614 14
14619 326
14622 867
14623 125
14624 860
14635 443
14637 297
14638 820
14652 108
14665 637
14682 290
14701 389
14702 398
14736 582
14751 433
14752 310
14755 231
14774 336
14775 81
14777 894
14781 475
14782 223
14784 526
14792 320
14802 715
14809 775
14824 711
14837 235
14865 395
14891 71
14894 148
14904 343
14919 669
14925 648
14937 877
14949 776
14950 591
14954 474
14967 819
14969 829
14970 503
14987 136
14995 807
14996 94
15001 471
15059 135
15060 521
15065 674
15104 90
15122 856
15149 144
15156 65
15164 816
15190 291
15194 274
15199 572
15200 167
15214 80
15231 148
15286 421
15294 964
15313 387
15344 122
15350 653
15358 391
15362 220
15366 725
15386 732
15402 755
15404 210
15421 726
15447 504
15450 772
15466 566
15479 873
15498 942
15499 955
15505 238
15520 186
15525 954
15527 423
15542 813
15543 292
15547 438
15563 80
15565 485
15589 394
15591 297
15623 622
15624 825
15650 105
15669 903
15673 233
15677 484
15691 347
15707 634
15710 86
15736 22
15767 661
15770 186
15774 111
15779 957
15784 772
15791 71
15809 798
15815 953
15823 38
15831 611
15836 164
15840 287
15846 803
15852 346
15883 875
15896 345
15900 924
15920 435
15921 870
15933 211
15934 831
15943 842
15958 583
15967 863
15980 523
15987 604
15993 551
16012 110
16025 217
16027 590
16033 35
16043 687
16050 7
16054 97
16099 971
16104 376
16125 725
16147 102
16150 610
16159 730
16161 671
16166 397
16172 164
16175 865
16176 515
16180 979
16184 844
16188 712
16190 855
16198 565
16206 825
16210 300
16211 4
16219 142
16224 633
16228 868
16292 995
16294 472
16298 167
16300 909
16301 601
16306 987
16320 20
16335 475
16363 68
16364 734
16393 871
16410 912
16413 175
16417 402
16419 3
16454 291
16462 92
16509 86
16511 785
16512 402
16518 161
16534 783
16535 884
16536 368
16539 17
16542 389
16554 624
16561 162
16564 977
16576 483
16577 278
16587 19
16590 549
16599 165
16613 833
16616 428
16640 950
16671 894
16705 460
16717 36
16719 6
16727 211
16729 202
16736 114
16740 69
16745 724
16749 222
16752 969
16759 788
16765 282
16770 136
16772 627
16791 93
16808 480
16810 208
16823 625
16832 932
16835 75
16836 184
16845 957
16846 508
16851 599
16857 241
16865 651
16867 386
16878 837
16891 782
16892 287
16904 321
16922 119
16927 311
16930 720
16943 456
16952 318
16978 891
16983 50
16995 211
17008 481
17013 439
17026 460
17041 488
17046 788
17060 263
17068 319
17075 480
17087 666
17091 660
17100 309
17113 581
17114 133
17115 738
17131 110
17135 923
17147 171
17172 853
17182 353
17201 58
17203 41
17214 301
17237 742
17262 534
17268 740
17283 466
17285 588
17290 675
17303 322
17312 642
17322 381
17336 166
17343 8
17344 93
17353 436
17367 49
17371 580
17375 866
17384 867
17413 411
17421 374
17429 646
17436 375
17459 863
17477 347
17483 946
17486 249
17498 92
17522 538
17523 231
17533 137
17564 814
17573 336
17584 564
17597 544
17611 102
17613 966
17615 450
17620 290
17627 800
17644 787
17650 464
17685 340
17700 138
17714 78
17720 42
17730 643
17739 364
17744 708
17771 516
17772 405
17775 579
17780 509
17783 885
17786 420
17807 320
17811 16
17817 892
17819 362
17822 984
17828 758
17832 359
17843 978
17857 837
17866 306
17867 833
17870 860
17888 136
17904 956
17917 237
17919 932
17926 300
17928 678
17934 291
17936 741
17942 882
17957 861
17960 299
17968 273
17975 779
17979 928
17989 456
18009 209
18012 139
18036 921
18040 853
18045 32
18049 920
18094 250
18117 426
18136 634
18155 584
18167 89
18173 436
18180 671
18200 806
18212 421
18226 616
18228 777
18229 188
18237 233
18239 67
18267 118
18271 281
18279 461
18282 580
18284 313
18290 691
18294 26
18307 220
18318 949
18320 85
18325 703
18331 554
18338 524
18341 878
18364 897
18365 522
18377 844
18391 372
18395 858
18407 968
18408 258
18425 564
18427 855
18439 452
18447 433
18455 863
18459 773
18465 83
18468 512
18471 137
18473 478
18492 364
18514 281
18526 4
18543 15
18545 476
18546 457
18553 553
18560 211
18566 957
18571 360
18575 881
18600 937
18607 457
18611 19
18622 983
18623 135
18624 470
18632 48
18638 156
18642 185
18643 168
18657 419
18670 525
18682 536
18686 880
18696 23
18730 193
18731 893
18739 805
18758 851
18760 643
18776 630
18777 513
18780 452
18786 513
18798 262
18800 575
18801 328
18802 802
18804 218
18806 699
18817 314
18819 563
18825 113
18842 721
18845 969
18855 398
18869 727
18876 741
18885 464
18897 710
18934 270
18960 200
18963 794
18967 658
18986 754
19003 859
19005 616
19015 958
19022 171
19023 298
19028 786
19045 362
19062 931
19066 968
19073 305
19077 602
19081 7
19090 527
19101 956
19113 821
19120 28
19134 383
19143 789
19160 136
19163 446
19176 708
19181 170
19190 645
19193 538
19197 410
19209 576
19214 236
19232 924
19239 401
19240 917
19258 0
19270 626
19290 538
19292 188
19294 91
19308 298
19328 966
19350 769
19376 398
19384 615
19395 89
19401 454
19405 875
19423 103
19449 291
19455 552
19467 971
19468 412
19474 101
19480 21
19482 973
19506 342
19508 708
19513 312
19515 753
19524 319
19527 304
19531 1000
19575 384
19578 93
19582 974
19591 27
19600 712
19611 526
19625 603
19626 683
19628 50
19629 245
19633 961
19636 977
19639 878
19646 967
19652 435
19662 528
19663 576
19664 151
19667 42
19668 169
19681 578
19692 301
19700 77
19703 775
19711 8
19714 698
19724 697
19740 226
19747 147
19768 951
19773 356
19792 176
19795 954
19798 174
19819 572
19839 78
19847 726
19867 267
19886 438
19904 29
19905 893
19909 735
19913 475
19932 233
19936 371
19941 68
19944 661
19946 294
19948 934
19953 972
19982 750
19983 673
19997 289
20008 735
20028 479
20032 361
20047 935
20049 391
20073 968
20079 199
20083 915
20100 438
20106 465
20124 238
20125 937
20141 765
20142 721
20146 240
20148 720
20158 219
20161 477
20165 2
20167 837
20174 586
20206 145
20216 627
20221 776
20228 820
20229 33
20242 106
20254 294
20269 112
20272 829
20273 277
20279 742
20281 186
20285 318
20316 115
20329 339
20356 641
20362 786
20366 242
20371 97
20388 362
20397 96
20415 34
20417 592
20428 723
20432 105
20438 135
20451 340
20486 425
20489 183
20502 472
20510 135
20520 86
20534 802
20539 64
20545 381
20548 361
20553 117
20555 284
20575 22
20579 299
20584 224
20589 562
20600 755
20608 666
20621 550
20632 309
20644 250
20649 185
20673 802
20677 869
20683 331
20687 874
20705 190
20724 967
20727 257
20731 462
20736 255
20746 93
20769 415
20775 514
20776 742
20803 16
20812 814
20821 100
20855 735
20859 82
20862 363
20863 85
20865 496
20869 361
20883 464
20908 183
20920 330
20928 783
20929 515
20931 17
20934 512
20939 790
20950 426
20958 392
20980 163
20989 29
21013 717
21025 762
21027 293
21065 901
21068 286
21072 965
21082 649
21091 104
21100 199
21102 793
21105 997
21112 371
21114 300
21116 911
21117 789
21128 224
21132 264
21142 342
21152 986
21164 212
21171 9
21186 246
21188 487
21204 658
21205 645
21229 989
21254 274
21255 662
21269 986
21283 22
21286 323
21294 344
21295 377
21300 635
21307 121
21311 812
21327 912
21331 18
21354 705
21363 959
21365 679
21368 598
21372 216
21387 303
21414 55
21428 115
21440 385
21445 911
21462 701
21463 17
21464 947
21467 224
21477 607
21479 427
21484 351
21490 676
21493 260
21498 908
21504 62
21507 800
21511 981
21535 470
21548 127
21550 374
21553 34
21556 6
21568 286
21569 969
21571 519
21574 108
21576 520
21578 977
21604 366
21611 54
21612 450
21625 474
21646 267
21663 11
21669 147
21671 954
21682 263
21688 809
21695 376
21721 599
21728 162
21731 22
21732 294
21758 764
21763 408
21765 88
21771 718
21772 449
21777 370
21778 326
21780 846
21788 636
21808 373
21826 344
21838 661
21846 324
21853 578
21860 47
21881 869
21883 498
21888 695
21902 808
21904 557
21909 436
21921 808
21938 24
21950 986
21966 815
21969 622
21981 90
21986 587
22013 905
22019 172
22025 402
22026 108
22035 34
22051 321
22053 67
22056 724
22061 601
22080 702
22099 392
22121 307
22126 257
22141 746
22159 309
22160 52
22165 432
22173 216
22175 170
22177 209
22203 32
22206 19
22226 743
22230 980
22238 59
22241 555
22259 419
22267 729
22272 455
22273 887
22274 277
22305 552
22311 592
22316 847
22322 71
22339 984
22342 645
22347 814
22350 606
22352 355
22355 762
22366 780
22382 388
22405 982
22419 751
22442 951
22447 85
22459 775
22477 631
22486 715
22500 168
22505 334
22510 120
22511 276
22523 224
22545 162
22552 809
22556 446
22557 121
22558 576
22562 455
22569 339
22575 922
22587 763
22604 206
22611 533
22617 15
22619 43
22629 944
22648 995
22651 23
22667 548
22719 711
22726 900
22728 536
22733 156
22742 30
22750 677
22774 748
22776 934
22777 880
22779 861
22789 563
22791 344
22792 611
22814 479
22816 812
22817 745
22835 961
22865 554
22876 483
22877 861
22884 171
22915 373
22943 216
22948 640
22950 515
22980 105
22988 401
23006 303
23021 611
23026 763
23098 947
23104 736
23127 861
23134 664
23140 897
23141 521
23179 155
23209 354
23221 955
23226 166
23249 919
23250 20
23255 351
23261 432
23263 948
23275 261
23282 978
23287 379
23288 840
23315 537
23317 429
23328 243
23361 64
23369 527
23386 418
23396 279
23398 661
23404 892
23428 175
23444 91
23447 379
23463 953
23480 398
23481 297
23496 7
23505 206
23522 200
23544 240
23555 153
23563 548
23577 869
23581 401
23583 134
23584 123
23591 866
23600 255
23605 532
23609 114
23642 561
23643 901
23650 234
23652 183
23656 857
23658 43
23662 517
23673 868
23678 107
23679 578
23691 144
23693 360
23699 604
23701 368
23714 432
23724 385
23725 886
23757 645
23765 528
23766 515
23781 252
23794 640
23800 651
23804 408
23805 486
23809 576
23825 451
23836 818
23839 128
23856 136
23870 188
23881 693
23888 290
23890 183
23910 341
23912 869
23914 227
23928 564
23934 851
23941 29
23956 164
23962 3
23965 49
23968 594
23983 779
23990 436
23991 394
23992 17
24010 131
24019 746
24023 415
24037 705
24039 305
24060 467
24067 572
24079 255
24084 586
24092 755
24093 862
24105 710
24120 234
24126 117
24136 799
24143 760
24158 908
24161 736
24167 966
24169 464
24183 255
24186 455
24197 634
24198 18
24201 385
24211 83
24237 901
24280 344
24281 210
24285 243
24296 583
24308 542
24314 202
24335 126
24363 858
24371 1
24386 186
24413 781
24417 479
24439 778
24445 344
24450 620
24462 375
24463 767
24471 460
24506 777
24531 193
24534 626
24535 207
24548 696
24551 680
24554 672
24562 100
24566 421
24587 531
24589 106
24597 257
24617 228
24635 820
24636 12
24646 216
24651 414
24653 899
24671 244
24705 519
24728 703
24729 874
24765 505
24780 943
24802 408
24807 972
24812 950
24828 90
24840 949
24848 112
24853 214
24856 724
24866 34
24881 780
24888 676
24895 109
24915 238
24917 130
24921 607
24925 718
24926 717
24928 192
24929 1
24949 887
24958 423
24987 168
25022 719
25024 540
25029 200
25032 673
25039 117
25046 951
25051 418
25068 680
25081 594
25086 735
25091 375
25092 83
25097 858
25104 874
25108 764
25110 750
25123 99
25128 714
25130 59
25162 877
25168 476
25180 470
25182 548
25190 740
25200 447
25204 642
25210 526
25223 60
25258 123
25263 98
25290 110
25296 323
25303 76
25313 877
25320 474
25322 643
25324 200
25325 363
25336 375
25343 385
25347 502
25357 286
25358 652
25394 749
25412 113
25431 195
25436 249
25444 267
25445 756
25453 475
25456 838
25474 745
25477 859
25508 760
25509 500
25516 414
25535 609
25543 141
25552 915
25553 532
25575 723
25578 892
25585 105
25587 196
25603 984
25640 480
25651 725
25652 626
25680 807
25689 940
25691 240
25700 720
25713 710
25718 98
25734 233
25742 806
25756 349
25767 633
25775 312
25778 520
25787 121
25793 316
25794 417
25811 928
25843 140
25844 84
25856 188
25859 211
25872 943
25878 294
25880 280
25884 297
25888 529
25892 520
25904 752
25905 12
25914 129
25917 532
25928 413
25959 629
25971 63
25981 775
26014 526
26019 151
26023 877
26029 4
26031 466
26032 195
26048 642
26053 676
26062 771
26063 856
26075 788
26086 233
26091 774
26134 318
26148 599
26156 462
26171 600
26176 350
26188 792
26190 742
26196 222
26198 430
26206 332
26220 691
26234 498
26244 668
26245 562
26246 55
26259 882
26272 36
26273 880
26283 821
26292 154
26293 15
26297 911
26299 641
26303 863
26305 914
26330 912
26334 13
26343 738
26352 775
26371 72
26373 68
26393 421
26419 44
26422 512
26423 996
26428 149
26430 319
26449 107
26466 511
26474 635
26477 339
26496 555
26531 600
26533 68
26541 993
26548 221
26553 446
26562 68
26570 80
26571 995
26574 575
26576 879
26584 498
26587 742
26630 801
26648 686
26653 134
26695 366
26703 536
26711 788
26728 874
26735 658
26760 669
26774 887
26777 522
26790 463
26808 328
26811 124
26817 66
26828 560
26854 148
26875 303
26886 644
26893 175
26926 269
26983 794
26986 590
26988 874
26989 805
26993 690
26999 859
27011 929
27017 935
27022 904
27025 920
27034 867
27043 913
27053 903
27060 26
27066 753
27090 837
27100 854
27110 107
27130 550
27137 91
27151 909
27154 449
27160 396
27175 68
27246 893
27266 123
27282 129
27287 358
27289 403
27295 639
27296 235
27300 289
27302 524
27320 22
27327 412
27363 926
27364 372
27372 695
27375 50
27384 595
27399 922
27402 50
27405 896
27439 177
27444 959
27449 835
27452 200
27474 227
27479 286
27481 987
27482 66
27484 413
27485 195
27489 400
27497 838
27503 377
27514 393
27549 154
27554 621
27573 75
27575 529
27579 803
27581 427
27582 653
27587 506
27606 816
27632 181
27636 35
27638 622
27654 231
27672 964
27673 583
27682 934
27688 255
27704 636
27707 885
27715 139
27721 780
27742 741
27747 773
27750 286
27753 100
27754 305
27757 192
27760 106
27828 323
27833 698
27838 909
27844 702
27845 40
27850 574
27873 709
27883 209
27887 436
27894 894
27896 223
27900 404
27905 447
27925 118
27934 687
27946 181
27947 386
27973 166
27984 305
27999 560
28005 453
28009 456
28027 265
28030 99
28046 484
28061 361
28071 129
28092 885
28095 589
28099 456
28102 371
28123 761
28132 41
28134 534
28135 924
28145 128
28167 878
28169 846
28173 675
28177 131
28214 6
28241 613
28265 69
28277 418
28297 470
28308 375
28312 120
28317 128
28325 607
28328 622
28332 848
28336 645
28361 810
28374 99
28376 155
28389 404
28391 810
28393 296
28410 513
28414 759
28417 972
28419 154
28421 426
28442 198
28452 951
28460 982
28462 209
28496 793
28524 873
28537 268
28543 865
28548 374
28552 113
28561 886
28566 291
28567 76
28573 400
28574 508
28591 541
28603 480
28605 139
28607 406
28608 326
28616 707
28633 585
28646 379
28650 960
28654 124
28657 442
28668 252
28676 600
28678 415
28687 581
28689 68
28695 826
28699 575
28703 799
28711 779
28721 35
28742 386
28756 951
28759 403
28761 321
28764 679
28766 453
28773 759
28775 335
28802 570
28803 864
28818 345
28841 703
28843 756
28869 363
28884 60
28900 898
28901 176
28905 411
28906 56
28921 786
28924 398
28969 593
28972 619
28989 877
29003 707
29013 17
29023 59
29029 968
29047 370
29048 294
29056 572
29066 462
29081 869
29083 174
29088 748
29089 880
29090 641
29112 109
29123 650
29140 635
29151 705
29176 403
29177 861
29186 209
29208 41
29216 799
29231 124
29250 769
29266 579
29286 946
29303 77
29305 154
29310 129
29315 856
29334 365
29335 389
29339 917
29340 868
29344 326
29346 463
29354 5
29373 87
29375 958
29395 89
29418 993
29422 511
29435 164
29439 87
29448 181
29449 813
29459 970
29472 90
29475 306
29482 645
29485 796
29491 789
29496 510
29514 1000
29524 668
29525 699
29547 668
29551 170
29556 181
29565 588
29568 400
29573 967
29581 916
29586 406
29601 931
29622 251
29628 924
29639 881
29654 731
29667 585
29669 32
29676 871
29712 120
29714 628
29720 423
29761 324
29778 806
29789 501
29800 116
29803 557
29808 851
29818 350
29819 4
29839 837
29840 300
29844 619
29845 300
29862 357
29863 269
29883 714
29899 642
29904 497
29905 449
29910 901
29932 958
29939 193
29941 673
29943 461
29962 926
29970 472
29973 15
29985 275
29991 811
30000 865
30004 256
30013 121
30056 60
30120 124
30133 560
30136 956
30140 109
30146 567
30162 445
30167 447
30173 749
30175 847
30182 431
30186 948
30192 632
30199 255
30206 978
30237 299
30279 28
30296 747
30299 993
30305 936
30330 78
30331 907
30339 89
30348 706
30353 971
30368 959
30400 33
30403 798
30412 84
30424 809
30427 29
30438 911
30469 628
30478 971
30479 298
30488 964
30507 757
30530 731
30533 473
30543 464
30546 293
30577 858
30587 37
30609 631
30624 854
30625 383
30634 451
30635 672
30640 118
30685 346
30699 483
30701 214
30705 179
30729 728
30730 113
30744 454
30752 857
30753 768
30758 386
30773 233
30783 344
30785 537
30788 339
30790 756
30793 717
30805 712
30811 267
30815 938
30823 471
30846 288
30869 31
30885 265
30904 982
30920 484
30922 546
30925 344
30929 765
30945 310
30975 706
30976 881
30991 747
31000 784
31010 362
31014 571
31021 374
31030 898
31036 184
31040 95
31062 291
31070 225
31115 987
31118 260
31138 41
31142 778
31169 134
31183 38
31189 1000
31200 342
31210 83
31222 923
31230 795
31244 59
31262 31
31266 3
31272 114
31280 826
31286 680
31293 685
31301 691
31310 954
31312 117
31326 537
31331 602
31350 664
31355 31
31357 279
31365 877
31378 990
31384 98
31394 874
31408 860
31409 370
31418 634
31434 933
31449 956
31451 110
31453 568
31491 518
31498 356
31503 52
31522 766
31524 782
31538 783
31539 10
31546 1000
31551 317
31584 389
31586 750
31600 588
31602 523
31603 501
31613 945
31614 410
31627 34
31635 86
31646 721
31670 640
31708 401
31713 215
31715 896
31731 803
31756 542
31760 713
31767 999
31775 620
31780 157
31793 556
31814 405
31829 890
31831 328
31832 241
31849 917
31868 994
31870 783
31871 401
31875 852
31882 331
31900 37
31920 163
31921 23
31930 448
31938 527
31953 135
31979 667
31984 722
32006 404
32008 217
32023 9
32031 614
32033 152
32057 731
32066 883
32067 201
32069 380
32078 868
32118 934
32141 540
32147 763
32150 707
32166 149
32172 367
32179 444
32209 638
32218 468
32229 16
32230 974
32236 295
32242 780
32243 521
32245 965
32258 97
32273 188
32278 1000
32293 745
32319 202
32330 780
32337 726
32342 425
32346 629
32356 958
32372 535
32375 651
32399 944
32412 748
32414 822
32441 89
32465 307
32468 627
32483 823
32492 398
32502 202
32512 904
32514 695
32531 958
32535 771
32539 836
32542 453
32558 766
32560 598
32562 387
32564 556
32590 13
32592 743
32603 725
32604 712
32620 516
32631 235
32633 606
32680 461
32692 209
32713 489
32733 530
32749 244
32765 748
32775 140
32776 424
32778 335
32789 396
32793 281
32799 672
32808 679
32809 508
32819 375
32830 916
32831 276
32842 337
32862 996
32867 572
32872 808
32893 346
32895 883
32901 711
32904 409
32915 203
32923 124
32941 0
32959 656
32978 829
32982 267
32996 503
33005 51
33027 962
33050 997
33052 21
33060 710
33069 8
33074 836
33087 638
33089 324
33094 594
33109 877
33111 565
33113 359
33122 38
33143 844
33150 860
33173 553
33176 983
33181 503
33186 603
33197 642
33224 779
33228 615
33233 483
33238 546
33244 34
33248 640
33263 623
33268 515
33289 361
33294 826
33299 341
33301 625
33307 618
33333 596
33347 428
33353 505
33355 894
33368 319
33369 866
33373 286
33376 420
33391 640
33397 237
33400 883
33403 529
33405 255
33410 509
33436 989
33494 948
33496 503
33507 709
33516 541
33527 820
33529 870
33553 428
33575 691
33585 165
33589 733
33593 939
33598 123
33599 933
33603 524
33609 749
33636 576
33639 954
33640 696
33651 587
33655 179
33675 887
33677 723
33684 260
33712 753
33719 673
33720 759
33728 885
33738 958
33743 766
33744 14
33745 424
33749 948
33764 529
33777 82
33807 468
33808 975
33845 939
33853 839
33854 395
33860 550
33861 548
33871 453
33897 760
33922 420
33925 866
33928 522
33930 151
33932 134
33933 507
33958 422
33971 797
33982 697
33996 136
34005 209
34007 551
34016 656
34028 791
34041 168
34044 807
34068 941
34075 580
34079 974
34093 747
34097 917
34121 171
34130 721
34161 919
34187 858
34193 708
34194 471
34207 685
34217 4
34220 451
34229 307
34230 449
34248 709
34253 334
34276 387
34277 37
34293 106
34300 959
34304 729
34330 241
34337 446
34345 563
34359 667
34368 533
34369 467
34381 136
34385 719
34403 18
34414 560
34430 495
34432 33
34441 250
34462 827
34468 446
34491 872
34501 12
34526 736
34530 445
34532 788
34534 907
34541 22
34547 352
34556 990
34587 353
34607 864
34613 593
34619 313
34625 613
34636 982
34663 279
34664 626
34673 251
34686 67
34704 28
34712 914
34713 317
34727 508
34729 156
34730 631
34743 347
34771 742
34775 691
34777 179
34782 730
34790 13
34807 356
34808 395
34816 417
34819 39
34820 259
34832 150
34836 397
34841 180
34849 323
34892 906
34900 725
34905 649
34913 745
34916 117
34924 258
34942 561
34944 40
34950 394
34955 259
34983 257
34992 681
35003 387
35006 190
35013 96
35016 965
35022 852
35031 495
35046 304
35072 301
35078 368
35081 968
35082 262
35086 389
35092 170
35111 302
35128 211
35148 785
35152 254
35156 747
35167 603
35168 550
35180 264
35206 131
35213 567
35223 588
35232 30
35245 921
35248 372
35258 241
35277 376
35279 563
35282 490
35285 800
35287 210
35288 474
35328 664
35336 180
35341 507
35350 333
35355 837
35360 122
35366 626
35377 855
35385 264
35405 839
35407 401
35413 167
35421 655
35427 566
35435 347
35436 566
35442 791
35448 312
35459 631
35475 636
35483 666
35500 940
35503 312
35530 720
35556 674
35562 156
35584 563
35593 806
35594 669
35603 247
35607 95
35608 875
35621 517
35627 965
35643 346
35644 400
35648 161
35679 662
35687 34
35704 761
35706 521
35718 188
35719 304
35724 751
35746 74
35752 797
35753 170
35774 36
35781 27
35782 327
35792 270
35794 478
35796 294
35801 801
35810 837
35821 380
35823 862
35851 825
35859 861
35873 328
35879 832
35899 804
35900 729
35914 253
35939 698
35949 111
35970 561
35971 21
35984 706
36008 652
36018 484
36020 289
36021 708
36032 21
36035 463
36042 296
36044 20
36070 663
36072 535
36089 360
36100 876
36108 276
36120 929
36127 947
36128 886
36154 438
36175 975
36203 507
36204 839
36213 412
36222 156
36230 599
36237 840
36239 400
36258 381
36263 533
36275 219
36284 483
36286 346
36294 836
36298 841
36302 887
36313 862
36314 311
36328 900
36331 975
36336 898
36341 309
36345 43
36347 161
36349 399
36356 907
36380 366
36384 129
36392 764
36397 564
36401 88
36410 82
36417 842
36421 706
36447 140
36450 326
36470 716
36491 613
36512 465
36514 94
36516 375
36526 831
36529 642
36544 492
36571 200
36578 965
36583 798
36592 981
36593 111
36594 91
36608 33
36626 140
36629 727
36632 715
36655 268
36659 926
36664 485
36666 40
36677 110
36691 694
36698 299
36710 922
36712 904
36717 945
36725 677
36730 173
36743 277
36753 402
36758 535
36759 264
36780 766
36790 165
36797 172
36810 674
36819 510
36836 898
36840 745
36848 253
36852 98
36877 984
36898 122
36936 104
36938 610
36941 680
36942 2
36962 744
36965 891
36977 984
36983 282
36994 781
37017 513
37025 10
37046 594
37049 492
37053 896
37054 239
37071 116
37076 634
37085 290
37087 392
37097 302
37111 685
37119 148
37126 720
37138 571
37141 376
37150 538
37152 403
37158 729
37173 622
37175 780
37191 284
37192 216
37206 308
37289 669
37311 876
37319 27
37366 767
37368 765
37370 451
37394 866
37403 128
37408 85
37411 599
37432 975
37458 517
37469 891
37485 43
37491 343
37536 28
37537 339
37553 956
37562 581
37568 372
37575 742
37587 9
37593 527
37609 298
37616 859
37632 718
37633 653
37684 454
37690 938
37693 634
37699 841
37707 294
37708 791
37713 427
37720 259
37735 315
37750 595
37753 942
37766 681
37767 974
37768 144
37771 35
37778 24
37780 425
37800 4
37817 995
37820 248
37821 425
37831 400
37832 862
37852 679
37861 306
37872 370
37882 463
37903 148
37904 819
37927 597
37939 699
37955 840
37957 989
37981 101
37982 99
38004 628
38010 932
38015 411
38019 474
38025 407
38026 210
38033 766
38038 788
38047 712
38067 56
38074 125
38080 288
38084 745
38120 720
38123 988
38128 987
38137 949
38158 385
38176 309
38178 450
38191 607
38194 1000
38221 458
38231 50
38234 434
38263 649
38268 965
38270 573
38274 781
38281 874
38284 192
38290 980
38292 146
38299 613
38308 59
38319 747
38320 804
38339 548
38347 770
38369 849
38372 114
38377 498
38387 996
38390 487
38392 985
38423 847
38434 26
38448 335
38455 58
38458 336
38460 318
38475 163
38476 453
38484 337
38486 464
38488 914
38502 336
38506 578
38524 703
38531 170
38532 489
38575 538
38603 793
38618 692
38641 8
38658 547
38663 919
38676 863
38678 784
38685 0
38699 595
38702 357
38720 245
38748 527
38753 766
38754 377
38757 881
38758 463
38761 371
38764 72
38770 592
38777 681
38797 974
38806 580
38822 504
38825 680
38842 687
38845 406
38846 162
38854 412
38857 232
38891 681
38924 617
38928 357
38950 739
38955 514
38964 483
38966 988
38970 416
38990 965
39008 455
39027 95
39052 648
39060 264
39074 73
39078 618
39095 614
39097 164
39106 682
39116 802
39122 618
39128 744
39133 776
39159 566
39160 818
39178 941
39184 845
39189 857
39197 733
39214 169
39218 930
39253 514
39268 713
39283 38
39284 385
39285 307
39318 116
39335 784
39340 480
39359 814
39381 343
39383 84
39385 575
39397 287
39401 611
39413 69
39423 120
39428 890
39440 334
39445 774
39453 44
39461 654
39464 964
39496 181
39508 467
39509 262
39518 364
39543 892
39550 199
39551 47
39573 249
39584 695
39590 298
39591 676
39592 911
39597 826
39598 482
39603 849
39613 571
39628 802
39633 409
39653 509
39668 238
39674 359
39679 890
39720 981
39729 239
39736 286
39737 929
39739 649
39742 230
39749 168
39764 360
39766 17
39773 875
39780 878
39823 537
39854 115
39870 547
39871 364
39884 694
39891 344
39906 914
39936 522
39953 381
39959 59
39972 257
39975 661
39980 689
39985 195
39987 803
40002 566
40003 785
40019 872
40023 898
40029 331
40072 751
40082 127
40087 624
40098 235
40109 838
40114 497
40120 574
40172 168
40180 381
40201 234
40230 456
40241 838
40246 193
40247 504
40257 488
40263 952
40279 874
40286 806
40296 863
40301 453
40306 517
40319 366
40358 304
40366 835
40379 871
40380 885
40386 331
40389 850
40392 986
40404 797
40409 696
40417 725
40418 673
40422 944
40426 574
40439 696
40451 572
40453 668
40474 697
40486 769
40511 796
40513 619
40517 414
40520 771
40526 235
40527 795
40531 516
40542 370
40546 828
40548 328
40552 467
40559 950
40560 43
40575 377
40576 514
40606 652
40615 523
40616 805
40617 631
40622 657
40632 388
40634 401
40643 993
40682 698
40686 300
40698 829
40706 25
40719 695
40732 936
40737 769
40745 950
40781 428
40790 963
40791 12
40811 15
40845 95
40849 266
40870 987
40879 379
40900 643
40914 904
40917 777
40920 29
40925 521
40930 208
40948 701
40950 819
40955 809
40975 466
40976 187
40982 989
40986 816
40994 600
41001 79
41008 223
41011 534
41024 568
41029 342
41051 821
41055 58
41064 565
41065 188
41070 383
41076 363
41082 995
41106 351
41119 573
41122 361
41142 840
41145 963
41152 855
41189 963
41240 43
41253 854
41261 488
41267 593
41271 999
41301 729
41319 285
41323 247
41330 409
41363 135
41381 416
41399 782
41424 572
41427 524
41440 379
41467 972
41471 610
41489 565
41499 780
41504 272
41516 182
41521 16
41528 942
41531 543
41547 621
41557 977
41581 102
41583 768
41601 303
41607 354
41635 507
41647 294
41648 325
41649 341
41670 41
41691 906
41701 308
41708 729
41716 799
41731 831
41735 76
41744 41
41748 94
41760 243
41764 477
41776 289
41792 1000
41809 974
41821 268
41828 585
41833 6
41836 553
41871 633
41874 871
41875 851
41891 106
41892 471
41903 327
41912 548
41920 46
41933 383
41943 865
41958 936
41959 134
41966 596
41975 15
41976 1
41982 925
42002 418
42005 279
42011 229
42018 637
42022 506
42023 541
42026 467
42031 750
42033 534
42035 513
42047 442
42060 605
42063 881
42065 434
42071 420
42084 908
42101 27
42104 703
42142 236
42150 48
42158 665
42185 59
42191 924
42194 701
42200 620
42204 363
42229 253
42232 573
42241 548
42250 989
42264 71
42284 699
42289 782
42295 507
42300 524
42302 480
42308 943
42312 554
42315 128
42318 659
42336 185
42337 681
42343 766
42346 319
42348 710
42349 445
42371 675
42384 488
42385 956
42400 734
42406 645
42428 998
42432 51
42439 473
42453 832
42469 577
42475 889
42499 829
42500 747
42501 364
42526 455
42539 338
42548 28
42550 857
42558 966
42566 668
42569 432
42580 474
42605 162
42609 296
42627 143
42632 993
42635 286
42666 799
42697 524
42702 143
42715 493
42731 638
42741 38
42757 409
42766 916
42773 454
42783 636
42797 706
42816 695
42817 363
42824 156
42834 608
42836 938
42842 546
42849 94
42851 508
42860 47
42868 829
42879 687
42887 491
42890 211
42910 945
42914 829
42915 48
42917 384
42919 931
42933 951
42942 36
42956 727
42960 239
42975 955
43002 56
43052 890
43058 659
43071 933
43113 443
43123 692
43124 999
43144 93
43147 134
43151 244
43186 760
43187 405
43189 114
43198 132
43204 22
43213 202
43229 440
43233 747
43244 32
43250 761
43255 307
43257 144
43264 635
43280 952
43286 193
43309 434
43328 921
43329 674
43330 383
43360 618
43384 982
43386 415
43408 170
43421 788
43438 949
43440 597
43460 252
43467 490
43474 771
43481 643
43500 784
43513 269
43521 298
43540 719
43559 28
43602 853
43612 1000
43620 69
43633 814
43639 549
43650 397
43663 466
43671 70
43703 897
43708 817
43714 488
43723 476
43746 259
43755 709
43758 96
43779 606
43780 440
43785 952
43788 328
43795 153
43796 69
43809 636
43813 182
43849 791
43851 654
43856 78
43864 371
43867 969
43870 544
43883 235
43898 730
43899 612
43902 577
43907 325
43941 584
43943 662
43946 812
43949 979
43953 733
43959 842
43964 547
43974 109
43983 417
44004 461
44006 209
44017 646
44024 935
44033 302
44038 18
44056 816
44075 125
44079 513
44082 160
44085 597
44092 362
44109 172
44125 500
44126 594
44133 399
44137 313
44139 375
44146 420
44161 816
44173 98
44189 320
44231 888
44234 905
44236 927
44244 830
44246 93
44273 761
44274 291
44278 22
44286 160
44301 141
44303 482
44313 595
44319 818
44324 831
44335 455
44340 212
44344 317
44346 620
44347 469
44353 622
44361 736
44364 166
44381 903
44392 707
44400 296
44416 625
44422 772
44431 823
44454 266
44478 587
44487 560
44494 478
44497 851
44507 699
44536 766
44540 188
44549 948
44550 190
44566 394
44593 564
44598 924
44609 753
44624 724
44626 625
44634 916
44664 929
44687 550
44704 724
44723 902
44729 591
44734 235
44735 55
44740 346
44743 630
44745 434
44749 249
44756 376
44781 187
44785 454
44813 707
44817 209
44819 590
44828 819
44843 755
44845 183
44858 178
44862 238
44876 998
44892 5
44900 117
44907 145
44926 687
44947 450
44956 563
44964 633
44975 65
44977 660
44980 33
44994 530
44996 825
45007 962
45032 449
45038 607
45044 918
45047 260
45084 506
45090 394
45092 848
45096 236
45109 431
45112 949
45115 602
45116 180
45132 364
45140 963
45147 826
45155 765
45164 357
45169 746
45171 883
45183 128
45192 191
45227 245
45237 530
45254 228
45256 813
45259 781
45309 754
45320 147
45328 780
45361 422
45382 550
45390 559
45404 658
45409 112
45413 731
45436 432
45439 616
45444 252
45459 61
45482 36
45490 916
45493 47
45505 316
45530 643
45542 884
45546 636
45553 872
45555 160
45562 434
45590 619
45592 63
45594 232
45595 793
45599 121
45602 554
45603 869
45621 502
45662 964
45670 140
45678 927
45682 702
45693 34
45698 394
45701 866
45708 51
45717 610
45725 211
45735 180
45737 298
45750 836
45764 906
45766 703
45768 718
45771 483
45792 275
45801 39
45808 448
45820 509
45835 622
45876 807
45888 433
45891 294
45897 722
45904 964
45908 708
45915 543
45920 400
45926 817
45933 697
45942 342
45975 283
45984 581
46000 196
46001 480
46009 341
46012 232
46019 584
46027 817
46029 836
46030 882
46054 223
46074 524
46087 272
46093 799
46134 451
46135 177
46146 5
46153 522
46154 502
46155 184
46177 267
46190 348
46196 471
46201 263
46207 546
46222 288
46231 88
46245 596
46246 102
46269 756
46288 919
46289 981
46290 154
46291 218
46297 453
46307 73
46317 701
46327 511
46334 381
46357 467
46366 109
46369 238
46370 591
46374 444
46399 585
46405 13
46408 941
46415 880
46434 789
46437 933
46438 31
46439 836
46450 362
46471 742
46472 695
46473 399
46481 896
46491 519
46493 963
46509 912
46532 462
46539 15
46542 492
46548 918
46563 770
46571 299
46579 870
46590 786
46591 379
46593 166
46614 439
46648 243
46657 799
46664 191
46665 350
46680 403
46686 261
46703 79
46729 344
46740 479
46751 442
46783 898
46784 601
46813 904
46815 748
46825 538
46829 988
46839 417
46853 21
46862 582
46874 210
46878 791
46887 610
46892 627
46911 110
46921 871
46923 560
46926 941
46937 51
46944 32
46947 272
46956 735
46959 913
46989 701
46991 894
47014 382
47032 139
47054 485
47055 33
47064 500
47097 93
47098 96
47102 137
47106 479
47120 999
47126 962
47133 567
47135 884
47139 141
47148 920
47157 783
47168 309
47185 683
47192 710
47195 300
47202 698
47209 334
47210 235
47223 841
47242 192
47245 453
47247 666
47251 88
47256 356
47263 784
47270 954
47275 592
47291 980
47293 617
47298 450
47310 535
47316 205
47334 234
47375 265
47377 870
47399 985
47407 524
47409 419
47418 477
47421 756
47433 627
47436 965
47453 785
47463 362
47471 685
47477 235
47479 475
47486 946
47511 935
47521 773
47525 328
47529 51
47530 845
47536 704
47546 859
47552 415
47556 205
47565 1
47578 927
47601 226
47618 526
47633 334
47636 405
47651 752
47665 225
47668 785
47670 512
47681 294
47686 237
47687 75
47695 61
47698 704
47708 333
47713 453
47717 971
47738 433
47744 283
47762 360
47763 811
47764 165
47769 623
47801 55
47807 457
47815 630
47817 109
47820 616
47833 913
47843 602
47850 537
47861 626
47867 951
47875 693
47893 210
47903 463
47911 347
47912 556
47941 412
47942 337
47946 257
47951 431
47952 785
47957 948
47968 211
47989 393
47993 492
47994 733
48002 549
48012 968
48015 827
48037 763
48046 326
48063 721
48077 129
48089 977
48093 103
48108 740
48121 674
48125 720
48145 325
48146 829
48153 89
48179 56
48184 892
48202 970
48232 729
48250 173
48257 761
48259 991
48260 197
48269 818
48272 913
48320 101
48343 92
48368 230
48374 389
48381 188
48403 733
48408 93
48451 876
48461 125
48479 706
48485 969
48511 58
48512 836
48517 631
48533 794
48540 872
48548 391
48550 411
48560 587
48563 646
48581 725
48582 833
48587 661
48596 289
48616 73
48619 89
48623 67
48629 494
48654 765
48676 89
48678 412
48688 466
48690 929
48707 227
48708 379
48727 716
48744 170
48745 771
48751 945
48775 766
48791 955
48793 233
48838 475
48842 253
48847 629
48856 236
48885 936
48886 92
48899 771
48912 976
48940 403
48943 847
48956 433
48957 878
48983 758
48995 638
48998 83
49026 297
49042 593
49046 814
49051 151
49102 160
49116 787
49125 552
49130 883
49146 690
49154 190
49155 563
49163 540
49171 750
49175 983
49179 756
49188 870
49195 820
49212 730
49249 721
49255 431
49258 2
49267 231
49273 583
49276 862
49278 904
49293 781
49309 479
49311 777
49341 359
49346 735
49366 593
49394 550
49396 644
49400 533
49414 886
49456 838
49459 772
49484 94
49492 764
49493 571
49496 920
49499 351
49513 736
49515 457
49541 782
49548 860
49549 19
49555 576
49565 661
49568 460
49572 447
49575 877
49609 319
49614 986
49616 500
49621 699
49626 949
49629 578
49633 513
49676 289
49679 301
49682 552
49689 547
49711 579
49720 261
49727 79
49740 447
49743 934
49748 930
49757 344
49817 265
49843 118
49847 878
49855 386
49860 936
49888 802
49890 943
49896 141
49899 731
49923 849
49937 538
49938 764
49949 546
49960 728
49966 836
49976 765
49989 842
50000 214
50019 793
50043 562
50049 142
50052 253
50055 729
50061 213
50062 555
50086 258
50091 968
50100 230
50119 260
50140 872
50143 78
50149 70
50153 895
50158 736
50162 986
50169 388
50173 876
50181 351
50182 636
50183 779
50184 571
50202 253
50203 634
50214 857
50218 725
50233 251
50238 349
50276 92
50278 755
50290 321
50298 594
50305 395
50307 762
50311 881
50317 598
50334 398
50342 750
50345 464
50346 406
50348 243
50354 41
50364 756
50375 874
50379 502
50385 383
50394 410
50397 41
50400 101
50407 590
50416 229
50417 533
50419 933
50426 809
50451 504
50456 853
50469 546
50507 634
50513 350
50536 828
50538 410
50546 565
50552 92
50562 68
50566 901
50569 923
50570 286
50578 855
50581 593
50616 144
50632 704
50658 862
50659 416
50661 93
50688 204
50696 9
50698 894
50706 453
50707 836
50712 279
50716 702
50721 871
50722 963
50729 626
50733 318
50737 342
50740 0
50743 941
50746 531
50770 341
50796 993
50800 553
50805 751
50836 598
50872 539
50882 388
50898 73
50900 999
50915 194
50929 825
50934 546
50938 779
50956 333
50960 499
50977 345
50992 211
50993 739
50998 712
51004 105
51006 8
51010 811
51035 818
51036 512
51048 5
51049 330
51055 455
51059 565
51064 837
51084 230
51093 30
51097 69
51101 427
51117 630
51121 675
51133 985
51140 725
51155 654
51170 652
51211 126
51215 630
51217 723
51220 92
51227 805
51233 447
51235 761
51237 959
51242 866
51252 43
51264 56
51266 598
51271 565
51274 844
51313 699
51314 178
51319 572
51328 613
51335 330
51342 765
51362 238
51365 827
51367 643
51373 840
51378 128
51382 748
51385 605
51393 820
51398 79
51402 433
51407 221
51410 905
51416 134
51417 27
51438 973
51443 737
51446 514
51457 828
51462 544
51468 451
51472 58
51486 356
51490 939
51491 718
51492 554
51499 683
51506 56
51515 95
51517 913
51525 456
51536 225
51539 523
51541 455
51567 839
51573 971
51589 669
51595 507
51603 656
51608 34
51625 702
51633 506
51649 524
51652 786
51666 260
51691 406
51702 830
51728 719
51730 468
51738 579
51748 749
51758 123
51767 217
51774 102
51776 127
51799 616
51810 319
51818 179
51827 719
51832 468
51837 989
51870 698
51872 408
51873 594
51881 638
51883 380
51888 166
51904 613
51907 206
51910 558
51914 372
51938 375
51947 654
51948 587
51981 184
51989 970
52006 796
52010 994
52013 780
52019 840
52036 900
52044 680
52049 287
52070 495
52072 882
52086 836
52089 938
52097 754
52100 753
52110 118
52123 397
52133 952
52140 277
52148 247
52149 573
52152 919
52172 895
52193 615
52194 329
52206 168
52210 127
52228 275
52231 292
52240 840
52244 535
52261 464
52272 822
52283 730
52295 745
52302 452
52303 606
52308 911
52314 914
52318 806
52329 289
52333 847
52341 698
52343 392
52353 146
52355 54
52375 475
52382 71
52383 740
52385 153
52407 673
52415 452
52426 844
52438 35
52466 290
52475 805
52482 837
52488 475
52494 871
52519 117
52530 79
52536 772
52546 786
52553 748
52560 252
52577 394
52591 189
52596 352
52603 714
52616 194
52618 753
52640 605
52651 355
52654 375
52659 933
52668 545
52671 194
52677 835
52681 450
52693 190
52710 752
52712 347
52734 659
52740 191
52753 909
52759 586
52764 97
52765 135
52779 405
52797 735
52800 512
52802 600
52805 152
52877 832
52878 689
52885 120
52913 380
52922 246
52941 459
52961 503
52971 648
52974 328
53007 504
53026 998
53028 812
53032 488
53037 231
53070 552
53090 833
53093 585
53097 601
53099 386
53101 146
53104 173
53126 388
53138 168
53142 11
53155 57
53167 637
53192 501
53202 992
53206 768
53211 482
53234 312
53240 517
53242 704
53250 120
53254 855
53255 141
53256 857
53260 635
53271 764
53275 525
53281 379
53294 533
53306 872
53322 132
53332 137
53337 316
53340 394
53360 833
53370 324
53387 112
53388 618
53401 86
53406 162
53410 612
53411 987
53413 837
53428 605
53446 968
53455 399
53466 239
53470 939
53471 475
53476 948
53496 123
53497 492
53507 941
53508 230
53518 661
53533 771
53536 408
53541 633
53546 123
53551 424
53553 400
53560 94
53590 817
53591 946
53598 423
53621 970
53629 716
53634 489
53636 301
53651 910
53657 588
53658 226
53673 541
53683 941
53690 191
53700 455
53702 870
53714 947
53715 72
53716 988
53721 586
53731 265
53746 918
53752 412
53754 75
53755 321
53765 83
53767 188
53772 209
53780 777
53781 622
53801 469
53805 552
53807 964
53819 176
53825 849
53836 519
53839 146
53846 535
53862 646
53875 430
53896 268
53927 976
53941 995
53942 683
53943 634
53945 607
53950 23
53970 595
53977 622
53984 327
53989 427
54002 84
54012 35
54015 445
54016 954
54032 585
54038 317
54050 651
54051 315
54052 921
54061 312
54070 406
54074 918
54077 194
54086 453
54087 913
54125 370
54148 283
54155 174
54156 862
54160 995
54162 142
54170 558
54191 591
54196 813
54199 600
54209 830
54213 945
54225 854
54228 152
54232 261
54233 959
54237 942
54262 753
54288 633
54296 66
54299 20
54316 589
54317 451
54336 734
54341 403
54346 356
54360 484
54379 772
54395 666
54396 836
54397 178
54401 225
54413 284
54457 607
54458 561
54469 335
54493 805
54504 301
54508 66
54510 386
54533 255
54542 834
54544 451
54547 674
54553 775
54555 707
54556 947
54559 769
54565 85
54578 499
54581 794
54598 376
54612 518
54615 813
54618 538
54644 599
54666 184
54676 910
54677 233
54680 355
54700 104
54702 539
54720 727
54733 401
54740 704
54757 382
54766 248
54772 300
54781 885
54790 211
54793 816
54803 646
54811 475
54824 292
54840 428
54842 450
54845 442
54877 938
54889 718
54891 718
54900 326
54913 897
54923 67
54928 370
54965 744
54970 883
54979 31
54992 319
54993 357
55012 762
55020 827
55030 894
55040 54
55041 737
55046 436
55077 776
55095 973
55097 541
55112 771
55121 541
55126 567
55142 586
55145 882
55157 473
55159 541
55164 184
55173 902
55176 601
55187 58
55196 972
55216 649
55243 532
55244 934
55245 905
55273 750
55282 466
55292 69
55300 723
55330 492
55336 868
55337 763
55343 902
55376 575
55397 99
55425 916
55438 470
55439 935
55453 531
55457 473
55458 256
55487 919
55493 129
55500 347
55509 68
55511 904
55516 767
55517 988
55529 837
55537 756
55540 110
55547 162
55552 425
55583 313
55584 300
55585 18
55601 601
55602 249
55603 549
55609 146
55628 330
55631 421
55634 371
55635 610
55646 560
55647 851
55651 376
55652 720
55661 226
55672 2
55685 66
55712 295
55714 871
55719 839
55725 34
55730 694
55735 867
55756 502
55770 232
55790 272
55811 520
55821 310
55822 100
55826 79
55836 636
55839 977
55852 198
55856 64
55878 924
55892 923
55894 207
55903 618
55908 648
55922 82
55927 254
55932 219
55934 554
55937 877
55943 331
55959 789
55963 264
55965 857
55972 38
55975 149
55983 941
55986 251
55991 85
56006 567
56009 636
56010 502
56027 656
56028 469
56029 504
56033 657
56039 117
56043 755
56053 119
56073 972
56076 512
56086 430
56089 207
56091 731
56109 413
56112 548
56122 686
56133 651
56162 850
56180 538
56187 982
56205 140
56206 246
56240 27
56268 368
56285 813
56288 182
56289 955
56311 213
56326 995
56332 578
56338 261
56365 35
56371 521
56377 437
56384 962
56404 540
56411 715
56431 798
56432 113
56434 270
56435 759
56444 661
56457 608
56461 961
56502 631
56518 51
56520 833
56523 529
56532 153
56543 827
56564 566
56572 440
56582 253
56583 504
56589 582
56595 733
56598 348
56607 873
56612 744
56633 661
56645 879
56652 673
56653 66
56659 335
56684 896
56709 731
56720 256
56722 602
56758 319
56762 614
56775 183
56777 307
56783 338
56784 186
56786 578
56801 217
56827 775
56833 778
56845 333
56851 537
56863 3
56874 344
56875 645
56882 372
56886 717
56893 885
56895 130
56901 156
56903 498
56905 711
56910 72
56917 614
56923 788
56943 498
56966 698
56969 635
56972 205
56977 718
56990 102
56999 489
57006 392
57016 375
57028 581
57032 43
57063 481
57079 778
57091 794
57097 86
57101 400
57113 268
57134 856
57149 291
57151 102
57165 586
57181 158
57196 485
57208 501
57222 256
57224 60
57262 68
57266 602
57293 843
57297 953
57335 221
57343 695
57353 945
57357 281
57372 373
57373 913
57374 412
57377 405
57398 604
57404 748
57409 539
57410 948
57421 174
57424 887
57436 373
57440 825
57443 33
57467 344
57481 797
57490 21
57492 883
57497 309
57498 290
57500 237
57513 511
57519 596
57528 308
57529 544
57537 311
57579 744
57582 193
57591 709
57595 877
57624 899
57637 2
57639 323
57658 254
57666 475
57668 20
57669 552
57675 434
57677 560
57679 771
57686 326
57687 62
57736 857
57740 256
57765 3
57772 75
57775 327
57798 340
57800 251
57828 348
57846 113
57848 480
57852 455
57860 763
57866 203
57893 659
57897 107
57898 622
57907 661
57914 200
57929 829
57940 770
57954 17
57968 912
57990 688
57991 912
58004 474
58007 807
58013 817
58017 971
58020 726
58027 567
58042 201
58043 797
58052 0
58061 364
58068 99
58071 374
58082 974
58087 229
58090 360
58091 977
58101 4
58106 139
58114 275
58116 229
58139 572
58142 170
58149 60
58150 277
58154 140
58167 551
58172 730
58181 535
58186 309
58193 820
58194 961
58206 946
58215 372
58246 676
58255 125
58263 20
58268 153
58276 53
58302 765
58337 634
58350 495
58355 814
58363 692
58367 582
58371 629
58374 166
58377 890
58387 550
58391 300
58395 258
58410 352
58412 673
58437 270
58441 348
58449 173
58452 68
58456 119
58461 47
58468 547
58481 621
58482 371
58491 865
58493 718
58506 414
58510 619
58515 481
58532 22
58539 797
58555 689
58564 850
58577 525
58584 277
58586 201
58587 513
58588 566
58600 279
58607 560
58632 431
58641 570
58652 913
58669 387
58672 45
58686 231
58690 816
58692 493
58710 131
58728 332
58734 687
58745 912
58749 143
58763 521
58766 423
58774 824
58786 193
58795 924
58799 759
58805 784
58818 452
58831 363
58834 325
58840 501
58847 490
58848 588
58853 418
58856 3
58858 379
58859 713
58875 829
58882 688
58886 302
58890 700
58896 453
58897 481
58920 63
58926 699
58946 368
58984 592
58986 963
58995 994
59000 224
59003 275
59007 474
59011 684
59017 560
59032 391
59037 442
59040 641
59053 83
59075 4
59080 801
59087 212
59091 793
59092 566
59096 152
59115 299
59129 595
59142 415
59153 992
59169 974
59174 693
59191 460
59192 985
59193 359
59200 250
59206 542
59208 29
59245 848
59276 440
59282 925
59284 806
59296 863
59297 33
59302 999
59305 311
59316 120
59323 104
59402 474
59414 470
59441 251
59448 154
59473 965
59479 682
59488 850
59493 466
59514 272
59517 292
59535 576
59540 852
59542 169
59547 263
59555 497
59579 152
59604 949
59608 672
59623 341
59626 698
59629 687
59660 874
59665 381
59674 44
59688 10
59692 843
59697 643
59708 894
59723 521
59724 845
59725 242
59735 464
59750 715
59758 637
59779 633
59803 631
59819 897
59825 735
59842 770
59845 241
59852 303
59857 798
59869 248
59881 943
59905 779
59911 852
59933 814
59937 16
59947 578
59954 770
59965 860
59973 945
59978 582
59979 149
59988 861
59991 177
59994 179
60004 132
60011 774
60033 588
60035 315
60040 891
60047 358
60048 626
60050 162
60061 788
60063 575
60076 414
60085 467
60105 667
60109 407
60112 47
60128 995
60140 445
60147 346
60153 199
60158 776
60165 405
60196 920
60200 19
60201 75
60208 132
60209 712
60258 614
60263 537
60272 300
60275 98
60277 313
60278 124
60286 313
60300 634
60311 124
60330 485
60333 363
60338 488
60343 662
60357 104
60365 511
60376 936
60378 630
60379 224
60380 117
60388 997
60390 834
60394 351
60403 243
60411 440
60424 11
60429 246
60435 102
60438 971
60453 24
60464 303
60467 479
60481 420
60482 741
60504 344
60507 611
60508 300
60514 199
60520 48
60565 980
60569 892
60571 593
60573 445
60591 251
60592 12
60598 328
60605 867
60638 719
60641 441
60650 198
60652 345
60663 219
60667 888
60678 68
60724 205
60726 159
60731 222
60744 826
60747 336
60774 40
60775 300
60790 419
60794 88
60804 397
60828 577
60831 267
60833 249
60847 503
60862 949
60882 754
60885 606
60897 81
60909 66
60911 475
60926 422
60941 605
60952 266
60953 64
60962 101
60971 274
60974 527
60979 641
60981 723
60990 787
61008 501
61011 875
61012 936
61040 674
61055 955
61058 794
61059 943
61080 491
61085 140
61088 118
61091 68
61126 565
61130 448
61144 369
61149 90
61154 192
61156 296
61166 420
61170 502
61191 136
61192 734
61200 211
61210 422
61212 148
61215 866
61225 593
61228 482
61231 663
61252 111
61257 689
61261 936
61269 942
61297 134
61300 552
61302 615
61304 528
61319 562
61324 800
61327 811
61329 938
61360 541
61363 254
61370 270
61374 212
61381 138
61385 862
61396 312
61400 367
61401 519
61404 175
61416 253
61427 378
61432 478
61443 691
61449 206
61455 361
61464 67
61495 957
61496 568
61504 693
61510 489
61511 334
61519 223
61521 527
61531 530
61544 421
61547 265
61571 666
61573 782
61584 725
61587 654
61591 581
61596 289
61598 191
61620 304
61622 635
61626 1000
61631 873
61647 651
61650 667
61655 516
61658 252
61677 694
61681 995
61685 817
61704 977
61707 708
61713 961
61719 486
61720 99
61724 993
61725 950
61749 495
61752 661
61758 60
61764 891
61785 606
61790 968
61797 284
61817 402
61818 539
61824 641
61829 429
61830 334
61858 625
61865 369
61887 260
61902 201
61914 26
61925 751
61930 934
61933 486
61944 717
61954 310
61956 146
61982 810
61991 606
61992 249
62004 511
62014 722
62015 76
62022 124
62059 970
62091 352
62093 501
62096 556
62107 311
62117 931
62128 431
62160 159
62200 841
62203 912
62207 57
62232 391
62236 794
62240 696
62276 338
62277 918
62281 106
62300 608
62301 505
62326 456
62328 592
62388 132
62389 267
62393 153
62399 901
62402 276
62406 952
62408 358
62416 835
62417 624
62430 152
62441 349
62465 416
62474 408
62479 94
62482 451
62487 865
62493 201
62501 494
62515 140
62521 228
62533 113
62554 805
62577 598
62593 355
62601 275
62609 368
62614 780
62618 178
62619 696
62634 428
62641 560
62646 653
62651 97
62663 811
62672 15
62675 238
62676 875
62678 136
62727 813
62732 667
62746 55
62747 802
62752 400
62758 90
62772 204
62779 128
62792 473
62796 359
62797 72
62844 788
62860 870
62869 724
62871 758
62875 921
62876 164
62878 662
62892 204
62899 806
62912 743
62914 547
62923 286
62926 445
62934 392
62936 520
62981 284
62982 780
62984 938
62986 381
63002 732
63011 577
63019 125
63032 855
63038 298
63043 863
63049 614
63050 402
63068 193
63078 862
63082 223
63108 811
63132 739
63157 604
63166 652
63185 400
63188 312
63194 821
63209 641
63218 460
63221 989
63226 188
63239 356
63245 819
63256 31
63260 489
63261 980
63262 313
63271 215
63273 923
63275 633
63278 33
63314 48
63318 161
63319 1000
63333 511
63338 261
63341 506
63358 992
63362 988
63407 277
63418 579
63439 422
63462 203
63463 535
63465 780
63473 194
63482 811
63489 271
63492 979
63496 292
63497 675
63499 628
63514 370
63515 548
63531 976
63543 598
63562 628
63566 891
63573 176
63579 92
63601 503
63602 949
63604 957
63622 994
63627 190
63640 529
63657 777
63662 864
63678 252
63679 922
63688 480
63695 204
63702 179
63722 71
63733 572
63760 762
63781 70
63794 770
63795 458
63796 996
63812 188
63841 757
63847 387
63852 125
63855 16
63878 976
63881 506
63886 627
63903 802
63910 715
63918 429
63940 168
63946 794
63961 231
63962 125
63971 802
63985 138
63989 191
63994 818
64000 919
64003 604
64021 752
64067 45
64077 615
64080 858
64085 769
64086 766
64098 182
64107 496
64119 701
64122 373
64126 594
64127 888
64139 934
64144 675
64158 511
64169 829
64179 202
64213 433
64222 396
64242 319
64251 769
64273 124
64287 91
64293 351
64297 657
64302 665
64316 944
64317 865
64318 276
64325 351
64328 228
64335 699
64336 68
64339 817
64341 771
64355 754
64360 761
64384 374
64385 632
64389 725
64402 924
64403 957
64410 778
64411 460
64425 334
64433 420
64452 589
64461 843
64466 384
64467 934
64470 150
64471 106
64472 811
64496 987
64508 109
64514 913
64527 552
64539 882
64541 804
64562 699
64578 846
64585 627
64589 939
64648 474
64655 351
64658 593
64659 22
64662 762
64665 239
64684 664
64687 997
64690 10
64728 445
64740 294
64744 203
64751 513
64782 462
64790 204
64798 528
64816 288
64819 739
64877 379
64880 959
64891 910
64895 819
64902 510
64906 916
64914 213
64915 20
64939 147
64940 441
64946 980
64949 723
64958 944
64962 384
64968 434
64969 52
64970 846
64973 987
64987 91
64990 814
64991 634
65015 307
65017 647
65023 893
65026 842
65032 967
65034 688
65035 307
65048 648
65050 770
65056 341
65073 949
65074 608
65082 355
65122 584
65125 455
65132 778
65134 737
65141 604
65144 46
65152 39
65155 906
65172 794
65173 728
65176 673
65187 25
65222 973
65234 349
65235 503
65242 246
65250 888
65251 521
65268 301
65270 863
65275 0
65285 15
65333 104
65339 459
65357 302
65374 619
65382 527
65387 709
65395 616
65400 818
65407 527
65421 266
65433 738
65441 570
65447 69
65456 388
65463 922
65465 59
65471 148
65478 652
65483 303
65498 217
65503 297
65504 921
65511 396
65521 334
65522 635
65526 700
65528 851
65539 628
65553 32
65565 356
65577 529
65579 639
65588 520
65614 640
65618 650
65620 941
65627 764
65634 969
65644 714
65646 495
65662 541
65689 417
65701 630
65712 704
65713 474
65715 621
65722 67
65725 907
65746 889
65759 742
65764 183
65771 667
65788 663
65790 289
65812 163
65820 499
65840 647
65843 666
65854 120
65869 152
65901 321
65902 514
65922 727
65930 104
65937 371
65939 629
65958 218
65965 805
65977 62
65984 895
65999 220
66012 561
66013 444
66020 176
66050 127
66052 191
66053 344
66099 274
66115 418
66125 706
66128 637
66134 413
66151 579
66167 982
66170 526
66171 233
66192 507
66195 372
66216 635
66218 853
66259 810
66274 47
66288 516
66293 718
66295 138
66296 200
66303 217
66305 986
66319 673
66322 8
66330 476
66332 610
66369 789
66376 29
66388 894
66395 150
66397 325
66403 355
66438 991
66463 268
66512 791
66537 0
66547 299
66560 570
66563 95
66576 295
66580 65
66593 190
66594 103
66618 969
66628 49
66634 691
66646 42
66659 661
66679 626
66680 379
66684 126
66700 538
66703 521
66710 481
66719 414
66731 125
66735 157
66757 162
66764 787
66765 239
66794 662
66815 203
66861 949
66880 683
66904 457
66908 357
66926 225
66931 85
66959 587
66962 844
66976 440
66982 487
66994 399
67008 795
67050 807
67086 375
67088 720
67103 837
67110 397
67113 538
67116 113
67126 217
67132 407
67133 640
67149 937
67159 480
67171 820
67172 568
67176 940
67181 647
67183 265
67194 790
67195 947
67198 580
67210 52
67221 117
67248 989
67260 191
67272 355
67276 390
67282 730
67294 596
67301 522
67306 639
67314 828
67321 163
67339 529
67340 138
67345 436
67353 823
67360 18
67378 99
67414 91
67419 296
67429 823
67431 221
67438 655
67444 984
67447 231
67456 310
67459 731
67462 511
67466 390
67479 799
67494 562
67502 321
67504 988
67511 326
67524 759
67527 571
67529 535
67541 938
67553 657
67563 563
67583 510
67607 335
67617 519
67632 826
67635 693
67657 703
67667 561
67669 337
67677 122
67685 234
67693 487
67694 635
67700 683
67715 271
67722 871
67726 736
67737 54
67738 815
67740 734
67748 194
67752 836
67781 94
67787 324
67803 929
67808 7
67812 711
67816 51
67838 583
67846 627
67857 17
67865 362
67867 928
67876 209
67894 228
67918 780
67950 614
67958 909
67960 734
67967 380
67978 551
67997 242
67999 273
68010 317
68013 145
68033 632
68038 428
68050 829
68058 463
68060 608
68068 90
68091 767
68097 719
68109 996
68126 208
68137 487
68139 816
68141 159
68143 241
68160 268
68165 82
68178 621
68182 870
68191 84
68197 634
68202 561
68209 740
68211 942
68240 241
68248 924
68258 315
68272 866
68274 132
68294 85
68296 531
68297 841
68298 732
68302 99
68303 884
68313 266
68317 509
68324 496
68326 434
68330 872
68332 26
68334 563
68348 911
68357 750
68394 997
68397 752
68401 194
68414 785
68439 865
68449 316
68461 40
68468 578
68473 270
68481 399
68488 233
68511 265
68515 883
68527 599
68528 413
68533 519
68539 890
68552 900
68563 356
68576 262
68595 188
68613 805
68615 847
68618 884
68626 343
68638 330
68663 76
68675 865
68689 479
68691 287
68693 460
68696 680
68708 996
68721 720
68733 316
68741 305
68754 450
68763 422
68775 193
68778 994
68786 710
68792 271
68796 139
68797 586
68823 343
68825 382
68834 219
68836 260
68841 646
68846 444
68850 553
68871 755
68879 270
68883 173
68902 593
68933 455
68938 524
68944 390
68964 503
68975 250
68976 715
68989 362
69003 374
69027 865
69044 998
69060 873
69071 42
69090 650
69096 41
69105 110
69110 479
69128 152
69142 956
69143 34
69149 266
69174 914
69180 963
69188 790
69204 493
69240 188
69241 504
69248 631
69269 798
69273 887
69276 751
69280 306
69283 926
69300 208
69304 183
69307 233
69325 23
69334 911
69339 403
69351 498
69355 188
69357 528
69363 844
69379 986
69399 547
69426 402
69429 936
69441 983
69449 701
69454 867
69455 195
69457 641
69461 79
69468 270
69486 656
69496 244
69508 406
69521 885
69534 911
69537 772
69596 261
69597 277
69600 131
69602 469
69615 645
69617 170
69625 918
69626 343
69635 974
69660 466
69661 199
69665 777
69666 750
69669 863
69674 654
69676 319
69683 804
69689 276
69695 273
69705 169
69711 222
69722 381
69723 120
69749 650
69757 457
69797 879
69798 549
69816 414
69817 534
69819 697
69821 708
69855 9
69879 808
69893 209
69927 833
69929 279
69937 861
69946 508
69967 746
69971 710
69974 579
69975 104
69977 861
69999 246
70026 915
70035 394
70038 230
70045 497
70061 757
70070 866
70082 60
70095 625
70108 285
70110 448
70121 755
70127 720
70142 771
70149 56
70168 818
70169 767
70174 47
70192 515
70194 616
70217 735
70228 15
70239 588
70245 253
70257 375
70273 190
70278 908
70283 109
70287 767
70289 442
70304 124
70347 798
70355 323
70358 635
70364 244
70402 124
70417 421
70420 16
70429 271
70443 399
70484 372
70486 91
70498 131
70500 531
70509 403
70516 464
70523 286
70528 404
70532 88
70543 154
70554 259
70559 15
70563 920
70567 839
70574 434
70575 475
70579 165
70599 436
70604 862
70636 301
70646 378
70656 267
70664 240
70681 970
70695 883
70715 0
70720 615
70722 330
70723 295
70753 242
70758 176
70770 29
70773 596
70781 253
70782 474
70792 444
70794 896
70796 7
70803 512
70807 673
70809 887
70823 805
70824 17
70829 129
70861 322
70865 982
70893 17
70896 394
70897 978
70900 120
70919 473
70946 641
70955 84
70965 406
70987 968
70991 750
71048 316
71060 524
71063 223
71083 337
71095 832
71097 864
71109 65
71112 902
71143 921
71157 6
71175 504
71176 706
71188 631
71198 554
71202 974
71225 537
71227 527
71228 913
71231 378
71233 201
71248 569
71251 788
71267 742
71273 685
71291 317
71309 108
71323 313
71335 323
71341 180
71343 176
71350 944
71358 579
71365 629
71374 890
71380 140
71381 687
71397 990
71404 783
71406 255
71424 798
71429 581
71434 662
71438 800
71447 864
71453 712
71464 655
71480 436
71486 910
71489 208
71502 181
71510 822
71512 981
71522 573
71523 871
71526 697
71529 12
71530 197
71537 597
71569 225
71574 381
71599 783
71607 17
71630 847
71645 221
71658 674
71698 495
71699 136
71706 132
71709 841
71715 709
71716 691
71738 279
71739 852
71741 104
71743 664
71771 671
71790 599
71835 941
71838 987
71867 327
71891 60
71907 632
71923 952
71937 396
71950 276
71969 666
71976 767
72012 810
72014 137
72033 320
72054 45
72086 697
72095 662
72130 525
72151 601
72162 914
72173 403
72188 585
72191 683
72201 611
72204 214
72208 59
72217 402
72248 831
72259 74
72263 435
72277 147
72299 805
72306 626
72314 802
72319 214
72338 477
72342 91
72348 147
72358 62
72359 390
72376 781
72380 714
72387 859
72402 560
72420 209
72445 806
72465 885
72499 769
72503 528
72510 703
72511 798
72520 787
72522 16
72528 786
72534 492
72542 107
72563 762
72569 568
72584 29
72590 888
72607 350
72616 33
72620 330
72623 285
72624 321
72647 561
72662 664
72667 976
72674 952
72704 406
72705 333
72720 298
72742 590
72746 406
72752 712
72759 402
72768 723
72779 634
72782 759
72801 841
72808 692
72809 428
72818 328
72848 39
72856 500
72857 167
72868 477
72876 377
72881 448
72898 581
72907 356
72913 564
72952 206
72966 280
72983 571
72987 277
72992 302
72998 715
73018 373
73024 601
73034 310
73040 251
73042 528
73044 527
73068 554
73084 685
73089 477
73098 305
73103 939
73104 491
73117 111
73121 184
73137 627
73138 461
73144 136
73145 763
73160 719
73161 2
73179 582
73199 237
73202 255
73220 98
73238 848
73255 340
73259 839
73262 229
73268 651
73271 369
73275 597
73276 169
73277 350
73281 209
73300 622
73301 241
73317 652
73327 412
73342 685
73349 541
73352 286
73355 930
73359 671
73368 966
73383 315
73397 467
73414 203
73417 149
73429 352
73474 589
73478 927
73500 407
73501 774
73506 287
73512 829
73515 701
73518 58
73528 689
73573 234
73586 33
73604 870
73610 572
73615 412
73617 632
73622 739
73628 332
73630 838
73662 227
73666 130
73684 743
73705 80
73720 112
73725 134
73727 641
73730 177
73738 234
73760 336
73768 607
73773 981
73776 387
73786 779
73825 502
73834 10
73835 845
73845 469
73849 282
73865 640
73875 958
73892 722
73901 258
73905 14
73916 45
73923 568
73937 971
73946 359
73959 549
73975 879
73977 792
73984 275
73989 348
73993 98
74001 879
74014 619
74025 791
74029 369
74036 339
74045 590
74046 409
74069 173
74077 790
74080 891
74084 560
74089 476
74095 433
74105 708
74115 466
74117 219
74122 928
74174 175
74210 620
74217 997
74220 392
74235 338
74241 46
74249 291
74254 833
74260 177
74273 819
74286 594
74300 931
74306 676
74320 617
74324 407
74332 442
74346 796
74348 499
74353 480
74355 595
74376 432
74389 942
74396 206
74415 256
74416 314
74419 901
74447 735
74458 334
74461 787
74505 975
74510 79
74517 679
74529 404
74535 921
74541 912
74576 156
74618 202
74620 120
74624 743
74625 52
74630 742
74638 867
74642 201
74666 392
74673 207
74675 838
74692 263
74698 489
74712 924
74718 446
74738 707
74739 818
74748 576
74752 790
74755 145
74760 189
74762 172
74789 967
74799 553
74800 181
74803 455
74813 808
74820 222
74821 976
74824 631
74825 1000
74826 950
74828 631
74835 578
74843 909
74848 191
74861 263
74864 379
74869 246
74877 369
74880 489
74881 176
74884 334
74896 7
74907 292
74914 241
74930 392
74936 954
74938 160
74939 603
74952 874
74969 85
74973 5
75010 557
75015 132
75023 977
75037 844
75044 767
75045 537
75046 536
75051 984
75058 650
75065 389
75087 358
75106 76
75122 824
75123 294
75127 913
75133 225
75140 485
75168 300
75181 845
75190 151
75211 404
75227 241
75228 996
75230 178
75254 573
75257 492
75268 274
75289 283
75291 675
75293 270
75299 86
75307 487
75363 352
75364 604
75377 984
75401 487
75406 844
75412 715
75420 185
75432 346
75433 164
75454 684
75461 338
75462 514
75477 793
75483 631
75489 857
75491 923
75498 783
75506 993
75510 5
75525 588
75529 231
75538 220
75544 434
75549 551
75555 369
75580 479
75582 11
75586 336
75587 436
75588 547
75595 781
75603 158
75610 477
75622 57
75666 860
75671 549
75696 368
75702 606
75705 443
75707 37
75736 223
75737 767
75745 722
75765 525
75772 164
75784 464
75791 448
75792 501
75824 53
75833 817
75842 666
75843 645
75855 449
75862 701
75866 885
75873 926
75877 54
75886 885
75888 224
75894 902
75896 656
75901 437
75906 691
75916 112
75919 874
75921 929
75939 758
75940 776
75960 99
75963 388
75974 200
75991 364
76009 491
76032 822
76045 126
76046 603
76053 385
76078 815
76093 223
76095 296
76105 327
76123 897
76143 596
76148 907
76171 384
76174 895
76175 409
76182 152
76195 938
76200 883
76201 776
76212 784
76213 280
76219 820
76259 192
76269 53
76280 326
76285 732
76290 488
76299 317
76308 175
76324 464
76329 95
76332 685
76340 511
76347 182
76353 853
76372 581
76376 35
76396 820
76470 593
76472 342
76477 796
76484 862
76488 323
76492 796
76498 799
76504 747
76521 635
76534 295
76537 364
76539 718
76545 349
76549 269
76555 387
76585 307
76596 974
76614 210
76616 940
76647 65
76657 809
76670 820
76680 71
76683 874
76687 661
76693 234
76697 146
76700 544
76708 782
76716 333
76723 524
76731 590
76753 225
76770 394
76776 188
76778 823
76789 808
76790 4
76791 508
76805 873
76811 576
76813 341
76819 542
76827 950
76856 638
76872 748
76884 734
76891 679
76894 517
76895 167
76899 759
76939 219
76947 443
76957 782
76958 385
76966 741
76972 769
76975 793
76979 630
76981 729
77020 365
77030 95
77035 847
77054 672
77061 74
77066 414
77069 598
77073 355
77090 728
77099 157
77106 737
77108 547
77126 876
77131 654
77149 67
77156 504
77158 876
77162 258
77170 34
77195 953
77199 737
77202 554
77214 214
77226 390
77234 585
77241 452
77268 677
77281 881
77298 456
77313 988
77325 305
77331 937
77350 227
77363 364
77378 131
77382 524
77384 347
77387 772
77392 361
77415 788
77430 104
77432 199
77447 24
77453 691
77460 660
77467 73
77490 312
77492 761
77493 845
77502 143
77515 110
77519 74
77532 120
77537 842
77546 318
77553 450
77566 242
77569 271
77573 635
77579 602
77588 708
77613 901
77619 781
77620 459
77644 257
77666 108
77675 514
77679 791
77683 530
77692 323
77701 852
77702 921
77706 470
77726 81
77732 823
77779 117
77818 970
77837 781
77855 646
77869 996
77885 148
77898 203
77907 821
77909 533
77919 987
77921 14
77928 570
77935 499
77939 569
77943 722
77967 548
78002 338
78025 345
78031 281
78049 305
78053 904
78056 589
78059 804
78062 728
78076 826
78084 717
78090 3
78093 350
78109 491
78113 263
78127 856
78133 265
78140 297
78146 379
78155 368
78156 248
78162 443
78202 436
78209 58
78237 888
78238 345
78248 141
78250 625
78253 981
78262 779
78265 708
78288 359
78293 827
78300 766
78321 347
78322 906
78329 741
78333 194
78335 714
78342 772
78343 967
78347 723
78348 802
78353 234
78356 947
78362 548
78373 933
78378 289
78379 690
78395 473
78426 343
78428 455
78440 536
78441 653
78450 720
78461 494
78464 144
78481 933
78492 703
78497 479
78511 91
78529 167
78535 933
78539 714
78542 658
78543 669
78545 776
78548 720
78552 400
78557 577
78567 934
78568 400
78582 241
78584 582
78592 980
78598 298
78600 271
78615 591
78618 948
78622 398
78628 906
78635 410
78646 166
78684 749
78685 834
78705 475
78708 111
78724 909
78755 774
78762 303
78763 135
78775 659
78781 766
78787 972
78799 644
78809 840
78817 570
78825 281
78847 911
78848 80
78850 81
78851 115
78859 162
78872 636
78877 308
78879 617
78895 556
78897 859
78904 911
78905 678
78909 877
78923 163
78934 974
78954 659
78957 558
78962 934
78982 315
78987 72
78988 328
78994 632
78997 732
78998 299
79020 342
79038 597
79040 41
79042 392
79048 576
79056 121
79058 325
79062 678
79067 535
79085 879
79096 568
79099 26
79100 685
79105 523
79109 336
79115 666
79116 490
79119 555
79122 166
79138 224
79173 711
79179 642
79195 855
79200 924
79205 367
79206 245
79210 799
79212 57
79219 115
79221 659
79264 791
79274 142
79296 396
79302 846
79325 264
79329 278
79343 766
79369 784
79372 79
79378 188
79388 1000
79404 949
79406 423
79423 770
79459 715
79460 582
79473 487
79491 115
79503 488
79504 540
79517 147
79519 480
79520 714
79522 247
79528 279
79532 201
79570 917
79571 589
79589 493
79596 492
79606 829
79629 803
79633 938
79645 833
79656 367
79666 627
79670 739
79676 51
79686 520
79709 402
79711 176
79717 522
79746 988
79765 761
79777 10
79797 902
79798 773
79804 148
79812 390
79814 919
79822 616
79825 301
79830 65
79842 376
79857 229
79873 281
79881 306
79887 468
79907 357
79912 181
79915 145
79919 661
79933 678
79955 74
79963 880
79990 733
80006 609
80030 68
80031 574
80048 636
80072 135
80085 372
80096 280
80105 48
80108 780
80110 817
80111 773
80112 448
80120 567
80131 579
80133 775
80135 518
80137 538
80145 884
80152 469
80153 154
80156 171
80175 82
80189 606
80195 653
80208 82
80210 794
80227 682
80231 917
80238 589
80251 120
80255 246
80306 839
80312 856
80327 937
80332 719
80355 172
80368 356
80376 372
80377 363
80378 324
80380 812
80381 833
80388 209
80398 960
80399 168
80400 647
80402 894
80409 41
80413 456
80414 835
80423 450
80424 486
80452 845
80461 154
80470 701
80498 329
80510 464
80520 506
80527 511
80562 846
80571 197
80587 383
80597 478
80599 121
80603 902
80612 792
80625 997
80637 760
80642 410
80652 603
80659 392
80661 225
80676 831
80677 454
80681 769
80682 291
80683 107
80687 816
80703 421
80725 477
80730 575
80748 950
80749 26
80785 51
80827 464
80830 993
80832 192
80838 142
80849 516
80856 898
80857 549
80875 451
80876 222
80881 692
80884 846
80897 919
80910 568
80919 100
80935 954
80962 330
80965 314
80976 585
80983 94
80995 635
81015 737
81031 88
81032 341
81053 321
81061 736
81066 17
81070 267
81072 759
81084 252
81087 891
81112 526
81128 991
81135 560
81140 905
81143 621
81145 786
81149 746
81170 618
81182 249
81191 578
81194 382
81201 541
81206 273
81208 894
81214 81
81220 534
81233 478
81236 255
81257 344
81264 220
81289 93
81297 312
81303 106
81304 603
81333 399
81338 6
81344 403
81345 852
81354 431
81362 297
81369 657
81397 472
81399 422
81401 883
81403 453
81404 307
81416 797
81438 188
81440 213
81467 251
81489 902
81502 385
81507 922
81509 678
81540 53
81560 201
81574 688
81603 201
81604 145
81612 631
81627 730
81652 717
81691 871
81714 263
81731 26
81733 935
81755 48
81772 113
81776 413
81786 349
81788 59
81792 571
81796 58
81801 844
81823 614
81838 282
81842 676
81846 246
81854 457
81858 149
81866 181
81873 53
81879 678
81892 233
81895 957
81902 464
81903 273
81921 193
81930 409
81935 917
81939 6
81944 554
81982 819
82001 532
82039 130
82056 631
82060 955
82070 359
82083 596
82085 167
82091 200
82136 38
82166 903
82168 276
82170 566
82187 105
82191 824
82199 896
82210 239
82227 424
82252 433
82256 714
82283 585
82287 964
82292 379
82310 372
82312 863
82317 979
82320 443
82326 405
82332 946
82335 191
82336 310
82347 256
82360 709
82368 515
82375 949
82382 862
82392 484
82402 818
82405 267
82431 866
82441 700
82456 275
82464 736
82470 501
82493 316
82501 283
82516 481
82520 711
82522 536
82523 347
82540 885
82547 12
82550 821
82556 501
82558 881
82560 753
82563 302
82567 542
82593 549
82594 706
82597 552
82600 777
82601 801
82602 584
82611 485
82612 991
82614 626
82616 959
82638 493
82645 234
82648 481
82649 84
82655 266
82662 126
82672 390
82680 243
82686 23
82689 636
82703 528
82708 595
82720 255
82728 357
82741 574
82746 149
82783 842
82836 722
82849 178
82853 581
82858 262
82866 40
82889 969
82906 704
82907 905
82920 623
82931 296
82940 468
82956 595
82973 848
82983 6
82993 75
82999 355
83003 893
83017 101
83023 440
83026 988
83032 765
83035 982
83059 589
83060 731
83063 193
83067 760
83078 496
83120 81
83123 333
83173 451
83175 545
83177 975
83178 312
83180 14
83185 671
83191 375
83202 264
83225 389
83230 124
83251 334
83258 262
83270 458
83274 874
83275 84
83280 872
83286 827
83287 172
83300 633
83313 319
83315 599
83331 348
83332 426
83346 57
83359 730
83378 322
83392 16
83409 199
83412 8
83431 13
83441 750
83443 687
83460 496
83461 310
83462 207
83488 125
83491 194
83501 201
83502 48
83504 369
83516 363
83520 202
83529 562
83533 580
83537 777
83550 270
83551 217
83570 595
83571 599
83572 70
83575 576
83597 913
83608 517
83610 95
83624 909
83636 988
83638 610
83650 766
83659 541
83671 497
83679 445
83683 614
83697 936
83706 491
83717 842
83735 673
83750 254
83753 201
83754 931
83758 377
83761 15
83780 571
83788 471
83799 325
83810 519
83814 10
83837 56
83838 910
83840 311
83841 491
83859 948
83867 815
83875 447
83878 543
83881 378
83888 240
83891 918
83894 203
83904 102
83922 62
83938 722
83944 734
83953 565
83954 373
83963 92
83993 954
83999 949
84003 613
84007 192
84011 58
84020 111
84034 864
84054 710
84065 613
84068 502
84074 519
84075 57
84084 217
84120 835
84128 110
84139 909
84158 654
84159 948
84168 254
84169 212
84182 236
84187 213
84198 706
84202 472
84211 628
84220 54
84222 529
84235 59
84238 110
84244 967
84248 82
84260 425
84263 75
84265 707
84266 998
84282 407
84295 565
84297 68
84306 767
84323 259
84340 590
84352 778
84357 419
84365 710
84368 149
84375 213
84397 754
84438 658
84442 978
84449 486
84470 363
84477 667
84488 156
84491 880
84506 891
84508 81
84528 45
84537 61
84543 550
84549 131
84565 652
84593 651
84596 895
84611 348
84612 732
84618 341
84619 384
84623 338
84628 598
84650 643
84680 256
84681 884
84706 822
84716 115
84735 268
84742 226
84767 927
84779 789
84795 217
84799 273
84802 333
84817 404
84838 516
84844 50
84859 656
84873 582
84874 98
84877 470
84883 938
84891 410
84896 598
84899 768
84905 367
84909 430
84937 385
84945 335
84946 635
84948 350
84955 403
84966 651
84967 103
84975 986
84999 896
85011 615
85012 732
85021 751
85045 645
85047 471
85056 411
85063 819
85066 737
85074 575
85092 781
85098 126
85103 798
85112 629
85113 384
85133 552
85147 635
85149 621
85151 244
85153 70
85161 659
85164 195
85175 402
85202 907
85203 283
85207 818
85210 143
85211 281
85213 884
85218 87
85220 508
85232 57
85255 547
85261 918
85275 360
85296 320
85297 277
85298 433
85302 944
85310 970
85319 79
85324 921
85349 648
85365 98
85376 199
85382 53
85398 423
85405 167
85408 427
85411 802
85412 685
85428 665
85433 878
85442 837
85450 254
85456 484
85457 942
85476 442
85479 147
85486 821
85488 174
85502 287
85511 236
85514 689
85529 356
85532 434
85537 738
85538 125
85547 25
85548 803
85559 294
85562 161
85564 922
85568 560
85569 657
85571 596
85581 473
85584 911
85609 344
85614 974
85616 316
85631 173
85634 715
85642 141
85657 815
85663 266
85681 675
85715 525
85729 465
85730 775
85731 940
85732 95
85737 941
85748 355
85756 293
85757 114
85780 744
85793 542
85797 973
85809 803
85814 952
85821 808
85830 539
85837 105
85839 537
85840 747
85871 118
85890 290
85891 848
85913 664
85919 450
85923 715
85964 237
85977 802
85990 843
85993 47
86007 656
86009 262
86013 359
86025 592
86039 144
86058 538
86061 632
86078 313
86085 875
86099 273
86102 904
86105 718
86124 936
86127 888
86150 596
86159 389
86163 280
86167 514
86168 768
86185 248
86194 204
86196 36
86199 793
86210 281
86223 269
86250 169
86252 364
86269 281
86287 966
86291 120
86298 650
86304 519
86320 176
86333 179
86359 364
86363 395
86370 806
86373 740
86386 234
86395 624
86404 119
86413 489
86447 489
86452 776
86461 834
86462 655
86498 516
86500 123
86507 972
86510 276
86514 472
86518 70
86520 981
86521 242
86528 190
86542 9
86552 539
86590 347
86611 491
86615 133
86624 639
86625 391
86626 244
86629 830
86669 793
86676 24
86678 855
86679 534
86681 353
86683 26
86687 16
86716 605
86725 249
86750 472
86751 202
86758 799
86760 543
86762 113
86791 325
86799 147
86805 938
86824 807
86842 787
86846 116
86848 141
86849 889
86861 86
86864 72
86866 700
86867 166
86874 961
86889 817
86898 274
86899 741
86904 132
86923 586
86945 390
86975 432
86980 604
86997 192
87004 577
87008 620
87011 711
87016 244
87024 710
87033 755
87038 601
87040 75
87041 683
87060 860
87064 273
87085 206
87090 295
87105 686
87129 137
87174 0
87187 684
87191 288
87193 640
87210 395
87214 726
87215 851
87216 457
87217 940
87252 423
87255 24
87257 522
87286 566
87291 797
87299 478
87303 500
87312 639
87319 586
87336 82
87349 148
87351 543
87352 21
87354 21
87361 151
87369 592
87373 360
87394 187
87398 214
87405 697
87428 648
87433 934
87439 447
87441 314
87483 706
87518 192
87545 160
87547 257
87561 940
87575 523
87602 205
87625 632
87635 839
87646 850
87655 385
87664 523
87667 651
87672 745
87675 956
87680 407
87689 157
87703 346
87706 10
87713 820
87727 499
87729 304
87736 492
87737 181
87758 575
87773 295
87778 854
87782 430
87788 439
87793 106
87797 823
87804 150
87815 675
87835 488
87841 274
87848 694
87872 272
87878 823
87882 531
87883 310
87886 149
87889 897
87916 618
87938 523
87940 741
87942 661
87948 869
87962 887
87990 719
88001 576
88003 657
88025 574
88030 926
88033 742
88053 186
88058 824
88069 701
88080 703
88081 437
88085 51
88094 320
88104 790
88112 551
88128 918
88156 361
88160 909
88190 214
88197 720
88209 577
88219 125
88228 188
88248 201
88249 795
88256 167
88261 7
88266 892
88271 817
88275 139
88280 935
88293 692
88309 493
88311 514
88317 637
88323 576
88327 80
88338 922
88364 565
88366 264
88370 160
88372 275
88374 435
88378 95
88388 737
88399 185
88407 8
88416 758
88417 789
88445 899
88475 985
88477 85
88484 910
88493 93
88512 329
88520 769
88533 745
88542 943
88548 396
88566 276
88569 18
88585 881
88590 646
88616 630
88638 405
88649 183
88661 449
88677 734
88682 609
88699 772
88702 165
88713 494
88740 423
88754 805
88757 394
88758 538
88781 91
88791 508
88792 237
88793 950
88799 280
88801 397
88807 478
88813 526
88825 124
88835 342
88836 581
88841 670
88842 944
88850 477
88851 70
88881 300
88883 882
88886 595
88891 566
88898 592
88899 691
88912 615
88914 429
88925 892
88934 796
88945 521
88965 109
88973 594
88987 97
88989 595
89004 970
89012 799
89015 221
89057 106
89077 341
89084 532
89114 197
89120 875
89123 605
89133 473
89138 69
89150 533
89153 939
89155 755
89163 357
89173 230
89210 777
89222 417
89266 917
89270 202
89294 699
89301 251
89305 637
89307 972
89311 766
89319 348
89333 49
89348 514
89390 893
89394 203
89399 27
89420 649
89426 958
89430 287
89442 746
89444 823
89451 56
89457 166
89469 54
89481 612
89482 288
89483 930
89484 978
89493 569
89495 582
89506 993
89517 47
89521 416
89523 223
89541 561
89547 781
89573 446
89578 620
89583 138
89586 979
89598 681
89604 14
89614 771
89617 874
89621 70
89627 310
89632 968
89634 890
89637 407
89645 102
89648 342
89652 586
89662 218
89682 298
89701 663
89702 303
89707 364
89713 591
89727 468
89730 502
89731 821
89734 813
89764 823
89766 854
89774 130
89782 394
89788 632
89790 366
89798 465
89803 887
89805 366
89814 701
89820 974
89824 447
89828 661
89839 556
89857 305
89866 941
89875 587
89879 427
89883 463
89887 220
89894 350
89936 0
89940 634
89954 554
89960 338
89993 895
89996 459
90002 453
90016 853
90018 815
90033 775
90037 663
90041 959
90048 712
90050 253
90052 266
90063 941
90065 571
90075 934
90077 791
90079 719
90080 157
90102 53
90106 814
90107 959
90110 138
90114 70
90119 326
90134 51
90137 248
90142 238
90171 930
90182 623
90197 737
90204 266
90213 82
90224 231
90226 126
90228 93
90272 865
90281 813
90286 911
90299 481
90301 93
90330 643
90341 672
90368 131
90380 652
90390 810
90420 911
90427 897
90428 461
90432 90
90455 741
90459 478
90462 893
90473 330
90497 890
90501 807
90520 998
90538 929
90548 818
90561 581
90569 501
90573 401
90587 401
90594 275
90595 830
90598 73
90613 445
90625 445
90638 198
90647 511
90652 941
90666 340
90677 602
90698 693
90703 311
90705 884
90709 896
90755 873
90758 365
90765 16
90767 815
90780 388
90782 625
90809 660
90817 598
90824 497
90831 167
90832 899
90833 276
90838 132
90841 212
90862 686
90865 839
90886 853
90901 74
90905 51
90908 547
90911 19
90916 612
90919 886
90924 68
90929 367
90948 899
90953 64
90966 47
90973 976
90980 694
90981 981
91020 423
91021 913
91038 442
91072 79
91088 193
91090 511
91096 518
91101 891
91104 978
91134 291
91146 146
91149 444
91154 932
91161 468
91178 816
91179 994
91188 737
91193 107
91196 496
91201 764
91204 895
91230 435
91236 548
91237 76
91238 138
91252 456
91261 897
91264 486
91271 297
91281 546
91286 868
91299 494
91309 398
91317 187
91329 472
91332 93
91339 666
91344 255
91349 661
91351 223
91369 518
91378 370
91389 675
91395 52
91402 219
91415 616
91424 304
91458 802
91471 258
91472 272
91497 740
91532 535
91537 261
91544 891
91551 102
91553 457
91558 934
91560 809
91565 669
91575 16
91579 439
91594 1
91595 28
91597 296
91612 912
91615 399
91619 651
91621 278
91628 941
91631 442
91658 346
91667 548
91678 435
91680 594
91681 641
91687 848
91697 697
91722 581
91725 326
91732 908
91735 821
91740 489
91743 306
91745 2
91757 133
91770 889
91794 170
91806 471
91810 393
91824 109
91825 818
91829 843
91834 602
91837 43
91855 188
91878 279
91879 564
91883 452
91886 390
91887 483
91899 856
91917 64
91920 694
91933 769
91936 593
91957 766
91967 674
91978 106
91998 821
92002 592
92005 54
92009 532
92037 339
92044 709
92046 223
92050 668
92057 545
92060 70
92081 643
92084 247
92088 545
92093 771
92099 279
92112 747
92116 234
92117 996
92119 521
92123 676
92128 511
92130 659
92135 194
92165 979
92172 989
92181 305
92182 962
92200 749
92204 41
92205 470
92210 228
92211 529
92225 238
92233 258
92234 723
92249 215
92257 551
92263 721
92318 274
92319 693
92338 214
92343 348
92350 622
92372 265
92391 917
92396 500
92411 433
92417 390
92447 566
92462 663
92472 761
92477 476
92486 339
92493 399
92498 169
92522 420
92534 629
92535 720
92561 513
92566 936
92569 210
92577 424
92601 921
92608 261
92618 939
92628 54
92633 33
92645 266
92657 452
92668 825
92670 676
92690 530
92718 654
92725 122
92748 799
92755 220
92757 844
92764 592
92778 919
92794 81
92799 33
92811 983
92815 359
92838 470
92847 24
92861 49
92865 814
92869 183
92876 811
92886 539
92902 105
92909 471
92919 521
92926 484
92928 799
92946 99
92956 897
92976 813
92981 31
92982 371
92989 861
93000 295
93002 206
93010 403
93020 709
93032 993
93060 397
93070 722
93074 725
93088 474
93099 626
93103 179
93121 494
93134 403
93138 804
93150 279
93151 65
93180 389
93187 29
93204 999
93220 364
93231 933
93235 803
93240 384
93241 952
93251 112
93253 543
93264 487
93273 998
93275 165
93281 642
93286 211
93303 77
93312 56
93314 78
93335 19
93336 613
93352 215
93367 154
93383 774
93391 759
93393 747
93403 150
93409 922
93411 692
93433 980
93436 135
93449 320
93458 715
93465 861
93489 934
93492 94
93505 130
93514 324
93523 840
93524 762
93538 388
93543 725
93572 561
93576 619
93579 761
93581 980
93589 725
93595 235
93603 221
93622 72
93623 164
93632 294
93651 893
93692 462
93697 267
93705 836
93708 302
93713 195
93718 484
93730 830
93753 592
93766 214
93781 382
93784 513
93786 964
93812 761
93814 205
93817 166
93818 819
93834 323
93861 889
93874 538
93891 63
93919 883
93945 623
93948 729
93953 692
93962 68
93977 179
93984 771
94011 188
94018 961
94021 757
94026 677
94036 239
94041 666
94046 67
94050 132
94074 536
94077 260
94079 41
94080 576
94093 68
94095 152
94112 583
94120 108
94124 554
94133 323
94138 412
94152 675
94162 171
94171 240
94189 50
94192 32
94203 890
94209 13
94211 927
94213 283
94220 296
94263 9
94267 614
94270 494
94286 59
94288 974
94308 953
94310 428
94312 223
94331 304
94338 1000
94345 780
94355 807
94359 556
94382 648
94391 471
94398 912
94408 237
94412 452
94413 623
94429 362
94434 621
94460 914
94466 272
94498 253
94501 1
94505 26
94532 773
94541 384
94543 587
94562 752
94563 834
94564 403
94566 962
94571 676
94586 543
94597 404
94613 234
94640 115
94642 198
94664 451
94667 139
94673 685
94693 645
94695 116
94704 448
94713 491
94736 776
94750 384
94780 838
94795 428
94798 5
94812 693
94849 707
94852 745
94860 443
94866 886
94879 90
94885 572
94895 738
94937 204
94958 514
94966 450
95008 747
95011 992
95045 492
95056 646
95067 695
95101 159
95103 575
95106 328
95109 987
95112 625
95116 718
95133 140
95144 913
95151 53
95156 881
95171 77
95173 934
95174 830
95190 401
95200 429
95207 166
95213 833
95242 47
95247 605
95248 7
95266 156
95278 242
95283 955
95309 279
95312 425
95313 688
95314 501
95318 10
95326 261
95333 309
95339 269
95344 832
95358 866
95359 196
95360 175
95361 921
95363 666
95368 669
95384 996
95388 92
95404 204
95407 535
95415 462
95418 531
95423 258
95426 893
95430 295
95434 652
95444 904
95471 125
95474 784
95475 589
95494 590
95500 706
95511 657
95531 387
95543 435
95551 366
95564 849
95574 296
95577 112
95585 106
95594 309
95604 382
95611 14
95615 148
95621 601
95622 524
95624 734
95631 287
95640 196
95652 619
95660 220
95664 211
95672 29
95678 21
95679 417
95688 240
95694 935
95696 59
95699 22
95708 22
95711 717
95725 789
95726 393
95749 917
95762 163
95786 410
95789 580
95796 566
95810 871
95833 158
95847 499
95865 192
95875 177
95876 385
95885 345
95900 973
95915 297
95951 714
95957 716
95960 317
95966 118
95973 254
95976 72
95990 507
95995 328
96018 198
96033 541
96041 104
96045 709
96053 550
96078 611
96084 831
96088 724
96090 233
96099 601
96106 269
96161 806
96164 220
96166 395
96170 652
96171 634
96180 195
96181 229
96193 433
96200 988
96201 461
96239 559
96248 995
96253 447
96269 159
96287 95
96289 676
96296 490
96313 521
96326 291
96340 20
96342 644
96372 819
96396 979
96398 188
96403 993
96429 428
96436 644
96438 90
96445 26
96448 202
96474 278
96475 412
96498 440
96500 648
96527 920
96530 366
96533 598
96548 252
96550 758
96552 375
96573 103
96610 739
96612 486
96622 424
96624 467
96633 33
96660 941
96670 686
96673 117
96674 684
96675 105
96680 436
96682 382
96685 927
96697 58
96703 887
96707 136
96715 537
96724 110
96729 970
96731 149
96733 179
96746 654
96749 115
96752 821
96757 714
96785 77
96789 234
96804 756
96811 289
96836 181
96837 219
96844 473
96853 322
96856 857
96867 522
96869 345
96884 503
96898 676
96910 72
96917 600
96925 460
96929 133
96935 104
96938 311
96947 54
96963 277
96974 614
96979 651
96987 848
96988 62
96989 578
97001 244
97010 225
97011 901
97012 797
97015 585
97027 391
97031 946
97043 339
97056 96
97058 460
97111 798
97133 317
97134 827
97155 566
97157 262
97163 31
97187 45
97209 815
97217 412
97220 218
97224 472
97225 737
97242 84
97250 225
97253 23
97254 470
97255 878
97291 122
97297 152
97325 895
97337 217
97338 443
97360 396
97374 723
97375 128
97384 55
97417 498
97419 386
97428 443
97429 691
97433 167
97437 39
97443 472
97452 381
97471 941
97478 984
97499 664
97512 634
97520 416
97528 531
97548 993
97560 596
97561 720
97565 538
97570 885
97578 514
97579 443
97606 508
97616 725
97620 830
97626 724
97629 135
97631 579
97636 901
97645 819
97650 857
97667 315
97688 660
97706 651
97727 591
97737 492
97748 644
97762 665
97764 470
97766 968
97773 26
97790 57
97798 252
97816 910
97826 583
97835 987
97846 633
97853 881
97876 416
97916 243
97924 127
97926 288
97960 345
97978 686
97996 688
97997 558
98004 546
98026 201
98028 534
98036 358
98049 337
98059 557
98063 872
98066 938
98068 760
98069 549
98082 635
98086 740
98088 820
98111 10
98122 410
98130 238
98139 716
98154 364
98164 410
98168 825
98190 392
98192 831
98202 938
98218 698
98233 879
98244 862
98277 357
98283 743
98303 70
98307 903
98317 72
98341 940
98360 676
98361 517
98381 928
98386 920
98390 787
98405 119
98412 109
98414 322
98448 464
98449 885
98465 651
98471 686
98475 570
98481 971
98482 20
98490 976
98492 873
98500 798
98515 354
98518 164
98524 109
98531 485
98557 22
98562 840
98575 750
98577 431
98578 737
98593 617
98594 601
98596 408
98599 33
98613 309
98615 516
98619 626
98626 803
98649 964
98666 363
98672 216
98679 783
98704 515
98720 452
98729 50
98731 969
98757 992
98762 42
98766 327
98779 392
98799 196
98815 370
98848 508
98855 491
98869 258
98900 779
98901 287
98910 964
98937 288
98985 138
98991 878
98992 17
98997 14
99030 424
99037 949
99038 982
99042 784
99051 476
99053 612
99068 312
99073 122
99082 435
99098 836
99103 385
99112 594
99116 52
99123 182
99173 927
99191 706
99193 629
99195 150
99224 723
99230 589
99231 302
99234 440
99235 12
99256 386
99288 804
99300 472
99307 234
99318 782
99342 715
99362 537
99371 844
99384 399
99391 850
99414 652
99445 839
99446 507
99453 949
99455 755
99456 481
99459 809
99469 655
99472 276
99487 433
99513 901
99516 74
99526 755
99528 250
99534 415
99550 399
99554 214
99637 818
99643 776
99650 330
99672 242
99686 615
99689 815
99690 610
99697 755
99700 312
99702 817
99753 673
99759 504
99760 970
99761 487
99763 261
99780 874
99786 234
99800 275
99823 673
99834 588
99854 772
99866 826
99867 855
99873 149
99880 295
99895 771
99914 102
99915 488
99916 9
99918 140
99930 79
99940 404
99943 941
99953 691
99959 698
99971 31
99975 956
