153 7126 8741 1
0 984
6 824
8 426
19 975
23 440
27 940
35 178
40 614
48 465
50 366
54 102
56 833
63 463
72 817
95 633
101 547
106 900
110 178
112 692
122 427
143 648
144 184
145 944
146 732
151 939
153 556
154 208
155 451
170 522
177 999
183 864
190 4
194 19
200 449
203 219
206 556
209 912
211 217
230 573
231 730
233 968
242 667
252 237
264 431
279 895
281 976
301 249
312 150
316 84
327 843
328 14
330 334
334 443
337 270
343 219
346 217
349 446
358 42
363 640
370 189
379 545
391 34
395 925
399 187
401 687
405 617
406 357
421 540
426 943
430 799
433 313
437 154
439 10
447 670
449 238
470 41
474 771
486 363
500 415
501 312
502 19
504 9
514 534
521 330
534 391
535 45
536 198
541 595
544 321
550 925
552 317
557 305
563 802
565 545
567 657
579 544
588 845
601 76
610 920
612 39
620 453
633 483
637 209
640 484
649 837
655 823
657 687
662 596
669 701
675 648
682 985
684 383
685 380
695 603
696 957
710 517
740 761
756 813
758 442
771 942
775 8
777 107
781 287
793 56
809 875
819 148
829 908
832 80
833 869
842 560
846 788
848 591
863 442
873 985
885 407
890 766
922 414
927 48
942 607
945 874
946 856
947 797
964 152
967 221
976 856
978 541
979 284
984 492
989 28
990 916
993 778
998 407
1000 950
