10000 100000 1 9996
1 968
15 875
33 917
65 530
71 801
73 530
74 556
84 845
93 56
105 315
128 515
142 707
175 816
188 199
200 179
202 913
213 761
214 488
259 72
281 80
285 921
312 579
329 536
330 600
351 41
353 257
356 641
357 49
359 646
361 864
373 417
375 117
380 951
385 713
409 494
416 641
419 788
425 712
431 709
433 943
464 999
468 435
473 384
485 630
486 378
493 164
501 56
503 391
509 269
510 373
520 530
524 583
527 1
528 24
529 757
535 71
547 252
552 99
565 639
569 968
576 292
601 485
604 301
605 998
620 432
621 988
635 571
637 658
639 756
649 928
660 928
662 840
665 586
669 706
671 772
673 177
726 97
752 896
757 656
765 801
771 134
773 280
783 367
784 950
798 696
804 822
809 814
842 764
852 367
879 335
880 116
888 421
902 890
905 206
920 909
926 937
945 352
966 630
1021 664
1022 382
1028 597
1039 986
1049 588
1051 476
1068 911
1072 194
1077 271
1080 908
1118 359
1119 107
1122 875
1127 38
1131 209
1151 945
1176 463
1194 236
1199 208
1229 289
1247 994
1261 750
1263 315
1268 728
1272 994
1279 298
1282 599
1289 713
1298 216
1311 922
1335 23
1341 256
1353 6
1360 486
1369 24
1373 32
1383 310
1387 78
1389 573
1398 144
1407 728
1419 128
1420 625
1430 799
1436 261
1458 218
1482 597
1499 339
1517 512
1529 249
1555 359
1576 592
1599 249
1604 179
1615 971
1617 161
1618 743
1621 356
1636 570
1637 460
1643 181
1644 920
1659 541
1664 971
1668 112
1675 298
1696 302
1698 492
1699 876
1704 847
1708 187
1710 558
1729 450
1757 263
1771 483
1772 925
1780 239
1810 65
1812 18
1815 344
1841 258
1842 383
1851 337
1854 284
1861 658
1874 546
1877 429
1882 219
1899 678
1924 717
1939 7
1961 386
1965 345
1972 85
1983 109
2004 529
2016 493
2018 120
2027 758
2031 19
2035 925
2046 283
2057 715
2069 911
2081 954
2082 712
2084 719
2085 203
2092 888
2121 292
2133 671
2138 324
2147 279
2149 678
2158 887
2174 938
2184 463
2186 99
2194 348
2196 945
2206 564
2216 96
2223 814
2242 878
2244 80
2256 258
2259 899
2261 490
2275 18
2292 99
2303 124
2320 379
2329 106
2333 544
2336 63
2338 810
2341 682
2342 544
2347 580
2400 116
2402 700
2417 288
2430 92
2431 779
2433 7
2438 298
2466 181
2484 680
2490 327
2512 683
2533 507
2540 754
2541 537
2564 79
2570 959
2583 317
2597 782
2598 478
2599 496
2601 94
2602 908
2606 36
2617 501
2621 589
2624 542
2629 484
2643 904
2659 135
2662 982
2679 935
2681 626
2682 984
2697 773
2708 132
2710 118
2737 436
2750 673
2751 522
2759 763
2773 465
2780 597
2783 383
2810 93
2820 468
2826 862
2839 118
2848 594
2880 521
2885 67
2888 203
2905 797
2926 36
2929 314
2946 975
2950 590
2959 332
2968 488
2991 309
3022 370
3023 496
3033 201
3036 837
3040 221
3046 582
3054 326
3065 971
3071 963
3092 136
3107 771
3109 207
3112 930
3129 231
3132 308
3146 766
3157 391
3175 170
3180 574
3193 397
3201 961
3220 1
3237 310
3240 421
3242 453
3265 206
3276 877
3306 178
3311 926
3326 985
3327 374
3328 496
3332 751
3334 669
3345 174
3346 284
3364 577
3371 885
3396 786
3402 991
3407 446
3418 311
3419 590
3425 10
3428 252
3430 880
3437 88
3460 0
3470 744
3480 717
3499 491
3537 990
3539 444
3541 786
3549 642
3559 793
3570 886
3574 105
3577 178
3597 968
3601 412
3603 788
3606 843
3611 66
3618 751
3647 786
3668 654
3684 503
3685 478
3697 988
3699 760
3707 86
3719 906
3728 74
3774 292
3779 595
3789 857
3790 808
3797 420
3814 826
3816 138
3842 266
3857 872
3867 355
3873 364
3884 278
3887 366
3911 674
3920 533
3923 296
3939 328
3941 848
3942 381
3944 568
3946 753
3955 662
3958 558
3989 526
3998 161
4005 686
4014 26
4016 449
4019 502
4027 276
4040 521
4046 318
4047 63
4053 738
4078 11
4098 352
4100 785
4118 522
4119 50
4161 977
4205 318
4218 762
4220 736
4223 349
4226 394
4272 365
4275 800
4293 782
4311 806
4313 739
4326 312
4327 616
4330 822
4344 636
4348 861
4356 932
4359 811
4365 224
4372 126
4375 956
4377 258
4380 413
4385 295
4386 601
4393 787
4398 338
4406 781
4407 322
4410 895
4414 351
4420 724
4429 0
4443 1
4455 269
4458 297
4475 56
4483 911
4484 262
4516 917
4523 888
4527 341
4528 556
4532 227
4540 209
4557 457
4591 843
4593 149
4598 623
4600 258
4611 435
4618 43
4621 287
4624 392
4631 79
4643 563
4650 724
4652 779
4653 43
4672 125
4699 212
4752 877
4758 899
4759 670
4774 1
4783 286
4785 948
4789 290
4801 118
4806 470
4810 47
4816 830
4839 453
4844 63
4850 624
4858 613
4866 937
4868 185
4887 328
4888 131
4896 697
4897 750
4909 861
4911 935
4923 330
4925 726
4936 540
4937 329
4975 964
4992 71
4996 604
5020 792
5033 3
5043 110
5053 73
5059 798
5060 835
5068 109
5069 654
5084 991
5085 478
5092 373
5108 900
5114 987
5119 799
5150 174
5160 423
5169 958
5185 993
5192 475
5193 543
5201 831
5205 96
5213 794
5247 444
5249 904
5264 439
5265 277
5284 56
5291 90
5295 645
5298 930
5299 33
5320 585
5323 596
5332 708
5380 54
5382 785
5387 646
5389 766
5393 201
5403 758
5404 889
5417 335
5419 943
5421 770
5426 618
5438 777
5444 263
5463 856
5474 489
5482 122
5485 427
5492 401
5500 810
5502 274
5520 404
5521 895
5541 620
5545 554
5553 506
5564 291
5575 951
5585 140
5591 91
5593 473
5598 643
5633 89
5638 40
5652 708
5681 704
5686 339
5702 308
5703 578
5709 708
5712 350
5738 145
5747 914
5748 217
5755 979
5774 668
5785 260
5790 90
5799 341
5804 264
5805 312
5814 791
5817 526
5840 862
5841 911
5850 464
5851 544
5880 472
5886 662
5919 680
5920 189
5932 188
5957 393
5980 517
5993 289
5999 541
6003 789
6004 141
6009 327
6019 834
6033 970
6042 218
6059 702
6061 773
6072 608
6085 700
6100 530
6103 635
6105 598
6111 496
6126 986
6128 370
6129 758
6132 850
6135 190
6143 292
6157 576
6167 263
6173 468
6182 749
6184 835
6193 955
6194 976
6211 476
6222 986
6231 537
6239 700
6246 77
6263 103
6269 77
6274 452
6276 439
6284 957
6289 114
6296 134
6300 864
6303 745
6307 812
6310 106
6313 732
6327 909
6331 468
6333 481
6344 255
6361 231
6368 930
6369 525
6378 102
6383 784
6386 250
6387 621
6396 408
6405 422
6417 961
6423 854
6426 906
6429 683
6431 830
6442 283
6457 666
6480 650
6502 205
6529 397
6535 190
6541 173
6542 913
6548 771
6549 327
6556 209
6563 756
6592 628
6608 534
6609 741
6615 436
6617 781
6623 238
6637 261
6638 744
6644 700
6648 432
6669 356
6673 121
6684 101
6695 920
6698 476
6702 746
6728 771
6741 950
6744 308
6770 962
6774 816
6779 91
6792 813
6806 88
6808 673
6824 562
6826 912
6835 776
6843 296
6857 64
6873 813
6885 233
6896 548
6902 345
6905 130
6912 449
6913 886
6929 205
6931 813
6937 66
6945 333
6946 46
6974 813
6984 282
6988 11
7012 532
7081 855
7085 882
7106 173
7128 814
7131 223
7135 458
7165 938
7174 388
7193 859
7203 382
7232 879
7243 805
7247 377
7249 750
7271 210
7293 338
7298 38
7301 283
7303 454
7322 933
7341 898
7348 943
7355 476
7390 876
7393 747
7398 925
7399 898
7434 438
7437 929
7460 467
7475 142
7478 778
7481 591
7498 933
7531 724
7557 313
7570 403
7609 459
7634 541
7666 750
7671 736
7700 170
7709 274
7722 77
7724 974
7748 307
7765 975
7770 117
7772 544
7792 69
7801 493
7804 247
7805 796
7809 840
7821 208
7852 236
7857 518
7859 107
7865 234
7879 943
7884 346
7886 618
7912 619
7919 900
7922 352
7954 860
7986 22
7992 306
8002 91
8008 378
8013 557
8016 56
8017 196
8029 793
8041 399
8042 737
8048 776
8058 674
8066 672
8068 301
8071 746
8072 528
8076 167
8077 446
8096 98
8137 992
8148 743
8153 518
8158 720
8159 280
8162 597
8176 465
8181 603
8185 925
8204 370
8210 112
8235 488
8241 52
8250 238
8272 438
8283 175
8295 19
8296 286
8302 200
8314 656
8333 467
8344 623
8347 486
8348 164
8383 93
8402 88
8423 808
8464 204
8465 266
8486 335
8491 836
8501 191
8518 355
8519 705
8521 129
8534 794
8537 489
8551 424
8556 721
8558 869
8560 531
8574 938
8593 521
8612 988
8631 235
8641 851
8645 427
8647 694
8651 970
8663 47
8719 828
8731 415
8732 762
8748 897
8752 603
8785 453
8787 610
8789 917
8798 874
8808 949
8815 67
8817 2
8818 37
8827 854
8843 351
8853 106
8876 68
8888 368
8911 259
8922 566
8972 789
8997 250
9025 117
9026 71
9029 11
9032 600
9047 598
9052 731
9055 729
9062 390
9063 617
9083 993
9085 887
9097 387
9108 382
9114 165
9119 763
9127 363
9129 117
9131 340
9134 185
9136 479
9137 527
9145 676
9152 700
9159 587
9166 246
9180 658
9181 382
9195 780
9199 543
9207 238
9234 12
9235 356
9238 106
9268 43
9273 289
9293 828
9300 376
9307 563
9331 647
9332 360
9334 400
9351 99
9355 582
9366 143
9379 654
9381 521
9386 41
9401 148
9409 131
9420 771
9429 263
9431 375
9480 723
9517 241
9536 875
9548 394
9555 675
9564 235
9574 814
9578 449
9592 15
9602 819
9605 991
9610 478
9622 893
9635 227
9640 939
9647 190
9658 436
9666 13
9676 162
9684 583
9706 58
9708 798
9710 522
9717 519
9727 624
9732 376
9735 383
9759 861
9763 842
9771 513
9786 614
9806 378
9818 873
9823 905
9832 825
9836 929
9839 778
9842 345
9854 283
9856 716
9860 117
9863 348
9865 760
9873 446
9883 732
9897 634
9903 898
9917 888
9922 850
9928 937
9939 527
9941 185
9944 884
9961 590
9970 871
9977 335
9983 394
9986 868
9997 148
9998 818
10011 290
10012 409
10028 606
10030 250
10040 50
10045 769
10048 777
10058 291
10065 359
10082 184
10091 623
10104 935
10121 112
10130 964
10145 446
10147 216
10148 249
10149 130
10158 862
10159 146
10162 16
10173 525
10181 652
10184 920
10219 717
10226 578
10243 85
10259 920
10263 889
10265 934
10268 208
10275 286
10276 561
10289 180
10295 725
10315 63
10317 313
10328 38
10332 526
10333 897
10336 964
10340 464
10357 160
10360 788
10376 826
10383 82
10390 95
10392 451
10405 847
10409 113
10410 369
10436 605
10446 797
10455 297
10458 610
10468 463
10470 602
10473 849
10480 632
10482 342
10487 339
10511 320
10522 135
10524 622
10533 91
10537 596
10539 569
10543 868
10580 466
10599 304
10601 258
10618 811
10622 548
10628 956
10645 206
10646 135
10668 726
10703 587
10704 714
10713 753
10732 21
10753 369
10790 187
10793 342
10795 919
10799 895
10807 383
10816 661
10828 729
10833 42
10852 805
10860 171
10868 940
10883 834
10886 526
10888 531
10896 801
10898 996
10902 936
10912 19
10914 828
10932 754
10936 762
10942 745
10946 435
10957 598
10961 209
10983 474
10986 294
11007 471
11008 647
11022 871
11029 521
11033 954
11045 480
11053 120
11054 375
11059 669
11062 940
11072 471
11079 670
11094 775
11111 274
11123 310
11134 851
11138 555
11140 249
11152 842
11156 493
11160 451
11172 290
11175 442
11177 676
11180 649
11188 132
11194 687
11196 726
11259 752
11282 925
11288 111
11289 509
11291 72
11318 834
11335 671
11359 752
11367 342
11380 704
11384 194
11394 840
11398 838
11401 452
11408 405
11432 150
11446 193
11467 772
11491 45
11498 1
11505 624
11513 832
11558 181
11560 177
11561 768
11562 776
11563 260
11569 887
11580 756
11610 997
11627 477
11632 362
11638 431
11644 154
11647 654
11650 881
11655 358
11660 109
11663 550
11668 485
11673 189
11677 609
11679 307
11689 323
11702 149
11712 553
11715 590
11729 859
11741 350
11753 731
11771 630
11785 722
11787 901
11795 437
11806 9
11809 970
11816 427
11829 187
11837 574
11853 513
11854 852
11855 913
11858 268
11871 923
11876 476
11895 921
11898 582
11911 296
11926 859
11927 720
11953 712
11954 736
11959 892
11970 939
11973 208
11983 457
11987 574
11989 295
11991 654
11997 816
12003 900
12006 918
12020 128
12033 891
12064 206
12093 888
12098 396
12099 198
12102 948
12112 996
12116 922
12117 939
12142 555
12184 740
12197 550
12200 897
12217 359
12229 642
12230 666
12244 799
12250 526
12265 314
12295 107
12317 653
12319 192
12320 966
12321 871
12323 93
12332 906
12342 627
12353 370
12384 822
12401 76
12406 5
12417 959
12420 54
12425 320
12440 142
12447 87
12460 732
12465 627
12516 28
12522 798
12523 256
12524 9
12532 212
12569 793
12575 273
12583 479
12595 100
12615 664
12622 121
12631 648
12636 94
12640 529
12646 6
12652 990
12664 684
12672 261
12681 32
12683 502
12690 623
12711 3
12718 509
12726 956
12736 258
12751 648
12774 636
12786 298
12789 469
12812 123
12816 626
12818 501
12847 542
12864 123
12886 592
12888 971
12928 505
12931 828
12933 450
12936 990
12980 392
12982 128
13004 882
13009 889
13012 446
13013 517
13023 852
13031 968
13041 887
13051 90
13074 247
13096 196
13117 514
13133 22
13151 116
13172 746
13193 985
13198 697
13202 53
13205 307
13210 913
13229 758
13231 920
13235 718
13243 320
13257 83
13261 139
13272 478
13273 460
13275 454
13296 14
13298 159
13307 356
13308 121
13316 827
13322 113
13341 800
13346 718
13353 892
13358 194
13361 533
13375 654
13376 496
13401 160
13407 881
13415 301
13433 734
13441 448
13453 865
13472 997
13502 248
13503 101
13509 642
13542 466
13555 895
13559 550
13577 342
13584 222
13586 457
13590 614
13594 643
13599 633
13634 836
13639 935
13652 796
13659 583
13668 583
13671 320
13674 24
13675 921
13682 415
13684 347
13691 442
13700 44
13701 161
13702 299
13704 755
13714 503
13732 972
13744 84
13755 35
13758 980
13764 288
13783 772
13784 277
13788 665
13790 133
13798 975
13799 672
13831 524
13835 210
13839 702
13843 823
13848 182
13863 547
13872 478
13879 993
13886 27
13928 726
13930 297
13942 654
13945 735
13954 436
13959 563
13969 322
13981 961
13985 771
13999 969
14014 582
14017 39
14019 957
14021 662
14042 470
14058 289
14060 690
14063 874
14072 349
14074 934
14077 375
14079 675
14082 442
14098 737
14105 14
14107 656
14108 831
14109 66
14122 1
14129 410
14135 41
14136 770
14146 703
14150 61
14153 3
14159 894
14176 955
14180 298
14199 542
14200 326
14207 231
14211 313
14232 717
14237 502
14248 846
14254 663
14255 352
14281 71
14286 752
14294 998
14311 517
14314 831
14334 48
14341 582
14353 94
14384 620
14389 315
14415 704
14421 1
14424 135
14442 392
14449 961
14462 207
14470 124
14483 744
14516 319
14522 489
14530 854
14541 482
14567 5
14578 628
14596 47
14598 468
14613 615
14614 239
14622 314
14624 868
14630 358
14640 695
14663 56
14672 117
14678 560
14685 574
14699 680
14701 18
14702 879
14703 808
14739 913
14768 40
14790 989
14799 850
14814 123
14816 124
14818 467
14823 365
14826 341
14827 958
14841 648
14862 372
14873 360
14877 19
14880 58
14886 124
14890 364
14901 647
14902 820
14906 378
14907 375
14928 525
14949 387
14950 723
14964 609
14968 335
14979 899
14989 481
14991 817
14992 782
14995 228
15003 380
15011 120
15017 910
15021 463
15024 283
15027 140
15075 896
15078 347
15084 867
15087 213
15094 723
15111 512
15121 629
15146 867
15147 908
15167 54
15168 80
15172 732
15175 517
15180 382
15185 659
15196 647
15227 372
15245 425
15257 19
15267 415
15288 210
15293 672
15297 495
15299 143
15307 695
15308 582
15311 795
15330 483
15351 664
15352 830
15390 673
15405 493
15407 311
15413 627
15422 410
15425 85
15427 170
15428 770
15438 219
15441 42
15446 634
15476 963
15484 573
15498 764
15500 935
15505 183
15516 566
15524 574
15529 449
15531 443
15533 402
15539 866
15541 901
15547 912
15556 79
15559 738
15575 583
15588 666
15595 612
15598 152
15619 768
15633 159
15638 734
15639 798
15643 490
15662 786
15685 850
15708 928
15714 439
15728 534
15731 830
15755 125
15758 460
15760 748
15767 354
15772 887
15773 942
15805 240
15808 879
15814 914
15828 397
15830 554
15842 79
15868 47
15887 58
15897 214
15898 858
15901 446
15907 467
15923 255
15929 363
15949 510
15965 540
15966 872
15967 743
16021 15
16022 372
16026 67
16029 670
16047 641
16055 946
16065 988
16083 265
16088 496
16091 220
16098 482
16103 461
16104 835
16105 898
16114 725
16121 295
16129 679
16159 753
16179 976
16189 378
16197 565
16220 745
16232 662
16237 265
16239 123
16245 491
16246 936
16255 365
16283 191
16292 995
16305 315
16308 25
16311 762
16315 311
16350 641
16363 12
16365 593
16379 500
16392 265
16397 232
16422 939
16453 240
16457 563
16468 50
16473 721
16476 788
16492 574
16493 589
16495 375
16496 910
16501 826
16503 384
16517 292
16518 783
16526 597
16543 536
16546 355
16573 393
16574 767
16594 62
16602 783
16611 909
16613 344
16614 563
16623 317
16634 666
16637 662
16662 914
16663 706
16668 90
16676 691
16677 282
16686 541
16691 473
16693 6
16701 888
16720 199
16726 262
16731 758
16738 464
16756 271
16762 459
16764 436
16769 408
16770 315
16777 298
16779 197
16782 421
16786 965
16797 303
16802 263
16803 112
16821 888
16822 748
16823 497
16825 607
16834 951
16849 682
16879 417
16883 424
16885 548
16908 966
16909 203
16927 460
16930 637
16940 448
16952 10
16973 666
16987 13
17009 634
17019 65
17045 733
17050 912
17070 584
17078 533
17083 718
17098 90
17100 201
17106 911
17108 171
17128 550
17135 270
17145 781
17153 378
17154 81
17157 922
17178 53
17181 658
17191 385
17232 983
17234 713
17238 168
17250 102
17264 683
17266 557
17279 839
17282 725
17284 120
17297 994
17299 287
17308 426
17315 304
17324 374
17348 308
17359 704
17360 560
17364 307
17371 281
17386 198
17389 169
17417 443
17420 482
17426 375
17445 248
17451 372
17455 655
17463 906
17469 908
17475 676
17478 788
17480 506
17488 138
17489 192
17490 24
17491 267
17510 428
17517 639
17522 601
17526 436
17530 177
17542 524
17545 595
17573 294
17575 772
17588 657
17589 675
17593 131
17603 270
17605 872
17643 619
17652 512
17663 555
17664 734
17665 770
17685 591
17696 591
17702 792
17717 483
17730 789
17740 745
17741 368
17763 139
17775 903
17780 417
17792 36
17812 25
17831 667
17835 634
17849 939
17863 976
17864 392
17869 930
17871 3
17875 704
17886 343
17887 491
17888 852
17905 228
17917 942
17921 272
17923 444
17940 223
17944 947
17946 209
17978 306
18001 874
18012 945
18015 882
18027 225
18033 466
18037 212
18040 730
18054 61
18056 549
18100 67
18102 189
18121 589
18125 436
18141 579
18142 977
18166 123
18193 313
18208 640
18224 429
18226 481
18231 960
18245 932
18249 802
18253 932
18260 207
18265 332
18275 306
18276 199
18281 270
18284 557
18289 90
18306 462
18312 762
18317 484
18329 614
18361 895
18363 651
18381 314
18384 930
18400 468
18424 213
18427 679
18428 285
18430 407
18463 894
18466 835
18485 993
18501 138
18502 751
18503 527
18513 187
18518 898
18522 769
18530 919
18551 719
18555 504
18561 962
18566 619
18568 35
18576 356
18577 999
18602 487
18615 56
18617 336
18627 687
18655 627
18658 172
18678 485
18679 889
18686 382
18706 682
18710 750
18714 201
18726 100
18731 483
18737 20
18738 574
18747 390
18757 917
18769 259
18783 158
18794 695
18795 958
18815 666
18833 436
18834 751
18838 16
18873 143
18884 680
18889 92
18891 907
18916 941
18937 560
18941 53
18948 822
18951 508
18970 314
18980 924
19013 114
19016 774
19018 916
19031 968
19032 861
19038 245
19060 496
19063 268
19078 729
19099 938
19110 48
19116 998
19117 492
19125 79
19129 672
19130 891
19134 891
19136 294
19141 596
19146 357
19170 332
19183 520
19207 840
19220 157
19234 667
19245 582
19247 402
19251 902
19252 270
19253 751
19259 273
19281 396
19286 430
19301 144
19304 349
19307 945
19322 328
19333 439
19374 209
19384 404
19386 516
19407 780
19411 990
19421 455
19438 256
19445 999
19446 268
19449 474
19475 953
19476 702
19483 798
19498 537
19501 999
19507 909
19516 8
19518 701
19525 307
19527 59
19530 63
19547 461
19551 155
19604 466
19623 249
19630 635
19632 565
19646 886
19653 280
19657 935
19663 496
19689 48
19696 20
19698 826
19701 783
19704 237
19705 695
19723 851
19739 643
19767 512
19770 369
19774 397
19778 930
19809 264
19815 532
19823 474
19855 527
19860 997
19865 887
19879 415
19891 761
19897 980
19904 994
19907 263
19909 779
19940 588
19952 140
19957 645
19959 862
19965 849
19966 424
19972 294
19975 412
19991 58
20006 789
20009 539
20027 377
20054 942
20056 409
20057 206
20090 894
20099 948
20104 732
20118 510
20135 433
20143 681
20155 619
20170 624
20179 753
20180 462
20185 376
20187 852
20205 731
20221 953
20229 731
20231 719
20248 65
20258 638
20264 637
20270 26
20273 273
20284 545
20288 921
20318 693
20343 343
20350 494
20358 483
20368 499
20369 230
20371 347
20373 176
20394 109
20400 949
20410 403
20413 645
20440 484
20446 137
20465 915
20469 878
20471 778
20474 255
20476 414
20480 658
20487 355
20492 236
20494 426
20496 227
20501 898
20506 374
20507 819
20510 440
20515 133
20519 676
20523 407
20526 382
20537 728
20553 854
20575 696
20598 299
20604 108
20605 342
20620 16
20630 278
20638 930
20641 755
20655 999
20665 961
20672 522
20675 987
20687 426
20696 197
20725 774
20728 9
20729 136
20731 875
20741 697
20742 137
20744 808
20753 252
20756 852
20757 46
20763 268
20774 22
20775 576
20788 368
20790 673
20798 67
20801 621
20808 686
20811 123
20824 560
20825 861
20828 747
20835 277
20837 158
20841 617
20846 235
20848 250
20862 350
20868 410
20870 539
20897 874
20908 24
20917 793
20938 791
20941 678
20950 156
20977 601
20984 543
20985 879
21004 991
21010 667
21031 301
21037 482
21047 379
21057 337
21076 471
21084 404
21099 35
21105 942
21111 108
21116 540
21126 559
21128 832
21134 112
21138 376
21146 948
21151 936
21161 859
21165 484
21173 327
21179 744
21190 763
21222 544
21232 56
21273 489
21290 621
21298 358
21299 598
21301 441
21314 246
21316 282
21319 848
21329 844
21332 902
21346 58
21348 333
21349 801
21353 104
21356 220
21368 454
21373 626
21391 981
21409 342
21419 725
21436 854
21450 966
21460 148
21462 586
21468 124
21479 968
21482 86
21487 975
21489 308
21512 988
21541 551
21554 909
21568 997
21576 94
21577 117
21619 317
21642 938
21647 158
21669 657
21670 34
21677 247
21686 88
21707 785
21711 92
21714 274
21719 718
21724 957
21726 953
21742 333
21746 571
21758 136
21765 824
21766 953
21773 492
21777 960
21796 978
21799 779
21822 42
21823 659
21827 192
21843 426
21845 277
21853 305
21866 491
21893 218
21896 149
21900 239
21911 726
21921 111
21942 248
21964 498
21974 84
21976 349
21982 760
21987 914
21995 889
21996 26
22000 920
22008 955
22018 538
22021 630
22035 68
22039 354
22043 949
22053 440
22064 10
22073 705
22080 183
22085 97
22097 338
22119 902
22121 880
22122 680
22126 158
22143 41
22152 616
22154 222
22161 252
22165 471
22175 539
22179 735
22202 491
22204 186
22228 104
22236 242
22251 363
22274 692
22275 705
22294 602
22315 852
22329 99
22358 893
22391 990
22402 58
22406 920
22408 795
22418 486
22443 863
22453 49
22466 842
22486 106
22491 497
22499 648
22506 966
22514 463
22516 546
22519 271
22523 195
22534 92
22562 561
22599 313
22614 152
22628 835
22641 93
22685 869
22691 508
22695 407
22696 159
22722 742
22728 884
22761 248
22813 694
22818 955
22823 316
22840 28
22842 318
22844 384
22845 512
22847 75
22854 857
22878 637
22886 420
22900 400
22921 744
22929 262
22934 334
22941 74
22959 627
22970 963
22972 139
22974 951
22979 594
22987 341
23002 971
23014 596
23032 225
23047 710
23050 417
23054 197
23062 315
23078 586
23090 821
23094 923
23100 903
23112 275
23120 410
23123 56
23128 810
23131 523
23135 46
23142 805
23146 318
23151 78
23159 385
23164 55
23166 798
23167 793
23168 99
23178 589
23189 716
23210 965
23218 828
23219 720
23221 593
23222 133
23257 938
23269 399
23283 672
23292 287
23297 996
23304 53
23310 823
23313 681
23317 183
23323 688
23328 189
23333 823
23338 362
23341 202
23347 877
23355 164
23371 975
23372 863
23387 314
23390 691
23402 236
23413 307
23421 571
23446 342
23459 919
23464 241
23474 618
23481 109
23494 806
23533 365
23577 413
23581 159
23586 903
23591 569
23596 907
23597 188
23607 353
23620 258
23621 420
23624 774
23629 949
23631 39
23634 180
23636 114
23638 642
23641 843
23646 238
23653 138
23665 575
23674 554
23684 123
23686 751
23694 117
23695 932
23702 290
23708 573
23726 501
23733 425
23737 659
23747 74
23748 253
23753 860
23773 330
23786 161
23787 46
23798 555
23807 366
23809 761
23829 180
23834 162
23842 853
23856 516
23871 729
23906 108
23931 541
23960 726
23969 851
23979 799
23990 878
24006 343
24019 943
24020 66
24043 948
24046 92
24050 92
24061 871
24113 891
24120 602
24125 498
24137 532
24151 135
24156 191
24177 613
24178 255
24180 886
24187 46
24205 271
24207 258
24218 129
24245 952
24254 748
24260 900
24267 887
24275 76
24285 183
24286 641
24288 66
24290 773
24295 150
24296 303
24302 23
24322 945
24324 494
24328 156
24338 420
24370 529
24371 677
24381 370
24382 642
24395 553
24400 167
24409 77
24414 390
24418 447
24435 103
24447 977
24450 979
24459 327
24464 741
24467 36
24477 695
24480 618
24489 797
24515 885
24516 718
24520 165
24525 479
24535 881
24538 976
24540 636
24579 945
24585 670
24607 726
24616 95
24627 114
24633 766
24648 536
24653 199
24678 609
24693 491
24698 83
24699 384
24703 715
24704 162
24705 271
24725 945
24731 199
24739 305
24742 739
24747 793
24756 741
24773 39
24775 564
24781 414
24798 968
24801 549
24812 129
24815 903
24821 190
24827 457
24840 294
24846 418
24848 597
24857 782
24882 625
24912 617
24916 19
24923 749
24931 76
24936 698
24979 612
24985 398
24987 573
24995 661
25043 731
25053 298
25062 761
25102 389
25122 135
25130 351
25131 238
25132 718
25136 503
25144 45
25154 863
25181 111
25182 481
25189 771
25199 54
25203 546
25206 898
25225 662
25244 750
25254 893
25264 125
25272 540
25276 708
25302 235
25325 158
25328 525
25330 229
25334 186
25353 91
25370 773
25396 469
25398 110
25399 592
25409 609
25418 346
25432 131
25450 355
25489 15
25492 643
25500 998
25542 826
25544 347
25545 697
25559 952
25565 200
25570 637
25581 667
25584 787
25591 786
25630 741
25633 813
25644 906
25654 434
25676 232
25677 590
25680 84
25688 175
25718 882
25745 104
25756 342
25780 936
25784 644
25789 871
25799 859
25806 119
25810 263
25811 370
25817 47
25835 749
25841 671
25873 732
25874 410
25877 904
25899 934
25903 44
25949 351
25956 318
25958 480
25964 73
25984 624
25988 863
25999 283
26009 451
26020 752
26026 463
26028 863
26046 818
26062 989
26072 265
26085 486
26094 945
26097 951
26102 354
26104 950
26108 21
26113 162
26123 736
26133 69
26146 579
26151 194
26162 722
26169 591
26170 305
26205 464
26223 150
26228 744
26264 489
26266 95
26275 39
26302 752
26324 933
26328 826
26330 962
26337 114
26357 1
26358 426
26381 266
26392 236
26407 424
26414 334
26425 82
26429 480
26441 817
26451 911
26473 976
26486 825
26495 297
26500 122
26509 601
26518 112
26535 916
26537 692
26556 405
26557 956
26582 140
26585 609
26590 200
26591 408
26595 702
26622 490
26623 289
26626 473
26629 304
26637 229
26649 926
26657 636
26670 814
26677 329
26683 208
26707 712
26718 401
26723 790
26727 277
26751 2
26754 766
26762 574
26770 276
26777 232
26785 549
26799 263
26835 267
26839 658
26840 586
26845 518
26846 623
26848 88
26859 250
26875 902
26881 609
26884 842
26889 105
26911 662
26912 529
26931 179
26936 868
26949 632
26950 566
26955 454
26958 643
26981 197
26991 876
26996 900
26997 184
27021 321
27036 921
27038 243
27040 286
27041 606
27048 999
27065 961
27070 698
27091 485
27094 53
27096 706
27118 261
27121 197
27137 450
27143 591
27152 272
27157 684
27161 737
27165 777
27179 534
27184 699
27188 465
27197 981
27216 721
27225 407
27234 80
27252 902
27254 447
27275 884
27284 220
27301 897
27302 371
27304 742
27305 673
27333 104
27334 162
27374 299
27375 74
27376 152
27379 687
27390 837
27399 927
27414 515
27416 672
27425 0
27429 851
27439 536
27442 239
27455 57
27460 764
27463 126
27472 426
27476 970
27477 586
27500 641
27509 111
27511 204
27533 918
27565 540
27609 861
27616 845
27624 237
27632 45
27638 522
27656 183
27662 543
27668 682
27675 853
27685 983
27693 723
27695 395
27697 827
27705 784
27726 72
27733 811
27734 603
27740 608
27741 448
27744 701
27745 291
27759 646
27808 767
27815 454
27826 555
27841 765
27850 223
27854 791
27866 600
27874 112
27885 242
27896 543
27904 777
27907 930
27914 559
27975 41
27976 223
27989 981
27999 875
28009 159
28023 62
28032 109
28042 207
28044 411
28045 286
28054 893
28055 361
28064 751
28108 652
28110 157
28114 946
28130 869
28156 869
28161 988
28203 856
28216 288
28220 851
28224 538
28228 679
28240 842
28254 357
28264 501
28285 38
28289 450
28292 224
28294 484
28309 41
28317 325
28324 599
28337 218
28342 486
28350 146
28355 126
28356 130
28361 884
28362 469
28372 965
28378 910
28393 462
28397 236
28398 735
28400 372
28409 935
28412 15
28415 511
28428 578
28438 256
28487 631
28489 937
28490 495
28493 282
28500 671
28504 217
28510 716
28540 337
28542 79
28548 596
28564 504
28574 303
28576 234
28585 160
28606 912
28614 570
28615 977
28618 486
28632 251
28636 522
28656 114
28658 695
28665 310
28680 441
28706 604
28720 868
28722 988
28724 293
28736 72
28740 75
28741 492
28761 320
28790 881
28801 146
28838 654
28843 741
28849 179
28852 24
28860 581
28863 107
28864 759
28865 607
28871 687
28886 389
28891 366
28903 251
28945 354
28949 375
28968 311
28978 245
28991 906
28993 573
28998 999
29003 321
29007 367
29013 146
29016 663
29031 166
29045 995
29047 467
29077 123
29082 179
29092 757
29110 551
29112 337
29113 666
29117 759
29122 773
29125 242
29132 223
29163 381
29171 212
29196 820
29206 586
29218 168
29237 235
29256 320
29258 993
29263 348
29276 822
29294 889
29302 896
29321 626
29336 783
29339 230
29357 950
29375 64
29378 714
29392 623
29423 873
29430 825
29439 295
29448 358
29455 467
29456 912
29473 67
29483 879
29487 345
29488 619
29491 532
29498 192
29503 560
29506 124
29519 588
29529 791
29534 985
29538 719
29547 986
29549 608
29556 591
29563 320
29567 233
29579 382
29580 867
29585 330
29616 760
29622 504
29625 767
29627 755
29633 356
29650 25
29664 445
29665 113
29685 916
29698 737
29720 282
29723 840
29724 481
29725 248
29752 263
29778 4
29790 983
29802 512
29814 266
29815 937
29819 704
29826 341
29831 76
29837 882
29840 208
29847 687
29849 863
29860 597
29865 97
29873 423
29880 242
29888 480
29898 403
29912 913
29916 548
29925 238
29938 951
29955 357
29958 955
29965 715
29970 44
29977 450
30003 647
30029 422
30051 533
30054 3
30056 413
30063 926
30077 302
30088 889
30137 106
30149 705
30165 124
30173 901
30176 217
30177 512
30179 162
30180 886
30182 352
30201 930
30221 744
30230 876
30233 820
30242 931
30244 432
30245 12
30276 203
30279 233
30297 523
30317 530
30333 338
30336 15
30343 422
30345 348
30358 875
30367 621
30371 885
30383 753
30419 580
30420 176
30429 608
30448 608
30451 9
30452 900
30457 632
30464 665
30469 423
30477 901
30489 426
30494 459
30506 602
30507 866
30520 480
30528 935
30536 904
30537 777
30548 772
30592 414
30610 762
30621 674
30624 911
30630 522
30644 523
30678 241
30689 859
30697 513
30699 642
30701 904
30706 167
30710 143
30715 25
30724 279
30752 741
30787 470
30801 238
30821 325
30847 418
30855 739
30857 129
30881 619
30883 682
30886 389
30922 161
30934 874
30940 597
30948 266
30959 120
30965 187
30971 703
30976 902
30990 8
30999 943
31009 220
31024 929
31026 290
31032 325
31053 474
31075 784
31078 706
31080 927
31086 533
31100 396
31105 601
31118 736
31145 59
31164 72
31192 898
31195 497
31205 369
31214 81
31233 483
31241 2
31248 331
31250 887
31252 832
31255 147
31256 387
31257 544
31266 373
31282 324
31287 5
31300 295
31306 261
31307 152
31308 9
31317 311
31346 640
31347 332
31349 381
31380 769
31385 299
31402 9
31412 847
31416 159
31420 996
31427 770
31437 284
31453 837
31461 275
31463 855
31477 446
31489 289
31494 717
31511 547
31517 678
31518 325
31522 464
31537 318
31561 75
31563 151
31564 600
31566 466
31570 845
31575 347
31579 727
31581 570
31582 539
31591 555
31598 17
31599 303
31602 412
31604 712
31611 640
31613 920
31614 364
31615 735
31654 330
31682 659
31692 991
31714 794
31715 436
31754 300
31791 388
31792 773
31837 975
31845 161
31858 572
31877 23
31881 223
31892 168
31898 444
31899 213
31909 384
31912 863
31939 410
31944 541
31947 709
31954 598
31957 558
31962 792
31964 152
31966 767
31976 223
31980 307
31983 68
32010 838
32020 955
32026 671
32037 760
32048 277
32052 444
32107 339
32111 984
32120 637
32122 851
32124 478
32128 65
32131 167
32139 130
32166 539
32177 940
32191 646
32200 163
32222 306
32227 691
32232 337
32233 380
32235 298
32237 580
32238 59
32252 9
32254 26
32297 87
32318 193
32329 83
32335 792
32342 74
32352 687
32390 956
32399 583
32412 77
32424 823
32426 46
32432 568
32433 722
32444 779
32452 108
32453 408
32463 60
32467 878
32472 203
32479 244
32484 685
32486 690
32496 231
32513 699
32548 316
32566 537
32577 937
32583 885
32587 610
32591 302
32595 482
32599 144
32606 940
32614 252
32616 923
32620 133
32626 985
32644 108
32648 697
32656 504
32659 242
32697 281
32702 726
32727 232
32730 7
32732 313
32738 778
32739 615
32748 846
32762 408
32793 297
32794 392
32806 914
32812 549
32815 505
32818 665
32819 602
32824 709
32834 263
32835 741
32847 394
32855 209
32856 600
32874 149
32890 676
32893 998
32894 224
32900 239
32931 751
32934 526
32940 528
32956 445
32959 631
32967 194
32974 753
32979 225
32982 179
32986 487
32995 655
32999 61
33005 108
33009 977
33011 778
33033 585
33064 338
33073 19
33085 645
33131 707
33141 807
33143 586
33147 530
33151 214
33165 399
33167 338
33182 397
33192 404
33196 44
33200 932
33208 80
33224 990
33231 298
33243 885
33249 920
33250 705
33254 166
33282 542
33290 14
33297 591
33301 826
33312 602
33317 14
33332 732
33354 424
33361 915
33389 11
33407 984
33420 692
33428 792
33462 829
33467 338
33468 361
33476 713
33498 863
33512 486
33521 423
33523 423
33525 157
33557 107
33564 554
33580 961
33582 578
33584 248
33587 279
33621 934
33627 612
33628 906
33631 169
33632 644
33644 995
33649 86
33655 650
33658 757
33660 13
33664 996
33706 954
33709 273
33717 465
33721 744
33723 699
33727 528
33730 853
33732 117
33737 100
33740 89
33758 962
33762 37
33776 977
33794 710
33799 824
33801 339
33804 502
33809 259
33813 919
33816 574
33820 677
33823 310
33830 631
33836 239
33841 745
33853 399
33859 731
33862 752
33865 428
33877 224
33881 261
33897 924
33900 697
33907 831
33911 780
33926 610
33934 403
33944 164
33947 739
33950 883
33958 515
33962 290
33966 6
33982 581
33985 293
33991 876
33994 719
33995 414
34010 683
34023 134
34025 876
34032 510
34039 477
34052 781
34072 29
34090 771
34092 910
34101 833
34117 902
34153 862
34160 999
34173 271
34180 415
34196 755
34205 318
34211 440
34221 775
34227 346
34229 344
34240 921
34243 292
34251 689
34261 842
34290 522
34294 992
34318 764
34322 960
34323 604
34328 879
34338 952
34364 417
34371 372
34374 374
34389 662
34393 516
34408 523
34454 33
34458 270
34470 823
34481 703
34494 493
34509 872
34514 30
34516 686
34534 818
34543 173
34552 613
34555 972
34560 721
34569 910
34577 971
34578 464
34583 657
34586 726
34590 69
34595 188
34605 189
34616 668
34643 538
34648 797
34655 800
34670 817
34675 777
34677 551
34680 39
34709 349
34712 375
34717 157
34746 710
34783 574
34796 162
34820 982
34838 341
34844 725
34849 850
34852 266
34868 658
34869 312
34874 332
34896 227
34898 681
34910 335
34918 962
34921 729
34949 842
34964 832
34973 896
34975 854
34979 64
34989 972
35011 849
35019 44
35022 611
35025 869
35037 876
35038 896
35054 605
35056 543
35064 825
35087 106
35092 140
35094 798
35110 466
35121 648
35128 569
35138 218
35139 236
35140 634
35182 526
35185 752
35202 117
35229 407
35242 52
35243 344
35248 268
35264 552
35269 633
35282 378
35296 798
35304 292
35309 623
35314 247
35330 976
35335 644
35343 26
35389 361
35411 556
35413 434
35416 891
35430 441
35447 17
35456 157
35460 1000
35463 457
35467 707
35478 550
35483 842
35506 85
35518 962
35539 192
35548 77
35549 557
35552 819
35585 299
35608 940
35625 73
35626 757
35636 41
35649 566
35658 990
35667 232
35680 881
35692 404
35711 223
35724 961
35730 66
35757 188
35774 891
35791 954
35794 425
35811 825
35826 269
35829 324
35832 725
35841 494
35846 497
35853 482
35861 142
35862 43
35881 876
35886 833
35895 184
35915 358
35923 967
35928 577
35931 213
35940 212
35943 438
35952 115
35959 867
35961 642
35962 810
35975 92
35989 887
36011 902
36021 711
36034 14
36059 408
36064 588
36070 938
36071 664
36093 384
36101 560
36104 395
36122 97
36126 881
36136 19
36154 449
36156 599
36165 772
36166 863
36175 986
36194 689
36198 257
36216 106
36217 718
36220 693
36240 287
36243 96
36246 556
36251 301
36264 582
36268 713
36285 261
36294 163
36301 83
36306 489
36311 446
36318 695
36333 122
36335 870
36357 177
36361 815
36370 908
36394 7
36406 485
36409 466
36411 68
36424 462
36445 296
36460 452
36482 933
36507 403
36516 922
36526 208
36527 285
36530 769
36536 866
36574 235
36587 942
36598 292
36639 715
36643 295
36644 717
36647 508
36701 862
36719 646
36729 473
36746 850
36754 727
36769 988
36773 879
36800 432
36801 72
36802 322
36827 797
36828 7
36844 659
36855 164
36857 950
36859 872
36869 664
36909 233
36911 331
36922 23
36929 934
36938 475
36949 158
36952 453
36962 560
36982 779
36997 306
37000 392
37004 64
37014 280
37017 138
37028 854
37066 168
37070 453
37082 658
37112 200
37113 769
37114 129
37130 752
37135 502
37136 895
37142 192
37147 458
37185 992
37206 206
37229 478
37240 511
37247 726
37248 407
37249 509
37255 353
37258 66
37283 405
37284 835
37288 975
37289 437
37294 477
37301 827
37313 492
37325 62
37345 97
37347 373
37348 480
37359 686
37360 958
37362 396
37366 976
37367 989
37384 262
37397 600
37438 7
37447 118
37449 85
37457 13
37469 936
37476 519
37486 531
37489 674
37507 635
37510 504
37515 355
37520 89
37523 231
37536 170
37540 576
37545 185
37546 342
37550 987
37576 775
37585 934
37602 633
37622 240
37627 130
37638 563
37654 267
37669 598
37688 490
37691 311
37710 359
37713 768
37733 589
37762 129
37772 138
37783 594
37785 422
37792 563
37800 813
37821 813
37832 709
37834 676
37846 773
37860 173
37873 815
37875 185
37879 232
37897 603
37899 386
37912 888
37918 750
37919 509
37942 795
37945 962
37947 66
37949 628
37960 236
37961 189
37970 839
37974 994
37996 996
38005 52
38030 129
38036 387
38046 156
38049 275
38063 107
38065 416
38070 536
38073 104
38092 114
38100 704
38163 53
38173 722
38175 793
38185 388
38188 295
38193 849
38198 630
38204 763
38212 752
38215 147
38230 365
38234 569
38236 264
38252 655
38269 671
38283 998
38288 254
38291 966
38297 393
38307 77
38346 42
38349 97
38365 479
38372 909
38379 933
38386 112
38400 456
38414 568
38420 684
38424 31
38429 967
38431 712
38438 235
38448 151
38450 364
38466 119
38474 91
38494 26
38495 480
38516 392
38519 33
38529 983
38530 313
38531 645
38537 792
38557 44
38564 601
38594 170
38602 973
38606 232
38623 224
38628 42
38640 605
38650 105
38664 479
38677 40
38678 404
38681 268
38684 897
38689 253
38696 645
38702 947
38704 973
38715 289
38726 696
38741 224
38766 895
38784 393
38799 335
38804 302
38813 500
38816 679
38825 767
38831 855
38832 101
38833 609
38845 586
38846 453
38849 479
38866 625
38875 221
38884 131
38913 663
38920 704
38923 93
38931 610
38941 984
38945 687
38960 785
38963 19
38968 284
38969 12
38974 324
38975 135
39000 858
39005 215
39007 181
39031 448
39034 763
39039 4
39043 875
39051 492
39054 400
39056 343
39062 920
39063 489
39066 236
39072 723
39095 716
39119 835
39126 303
39165 985
39176 920
39183 960
39185 422
39186 877
39190 156
39198 709
39203 674
39213 940
39222 545
39241 54
39270 770
39280 116
39292 537
39309 840
39312 594
39315 84
39328 107
39331 472
39363 124
39369 636
39398 33
39431 839
39447 365
39448 781
39470 447
39477 362
39481 991
39485 463
39504 360
39517 24
39521 862
39535 933
39550 938
39559 527
39566 659
39593 472
39610 170
39615 976
39616 515
39620 667
39636 282
39650 282
39669 605
39670 740
39671 772
39678 72
39683 514
39685 117
39687 969
39690 49
39698 49
39700 629
39702 846
39705 445
39708 370
39709 520
39715 88
39759 111
39797 557
39800 280
39806 176
39821 557
39840 218
39847 853
39851 922
39866 947
39888 33
39902 8
39915 1
39941 370
39943 818
39971 251
39975 537
40004 928
40011 901
40022 886
40024 20
40032 178
40043 679
40062 284
40071 823
40079 367
40084 65
40094 877
40119 161
40131 867
40139 850
40142 692
40143 209
40145 772
40158 999
40160 933
40196 534
40207 155
40217 485
40218 799
40220 59
40237 445
40268 579
40286 129
40294 306
40309 190
40314 436
40322 790
40325 531
40327 529
40333 914
40347 350
40349 733
40354 667
40361 276
40362 539
40368 809
40372 176
40391 683
40394 911
40406 714
40418 391
40421 590
40434 308
40441 589
40460 653
40462 997
40465 471
40479 296
40483 569
40489 787
40494 999
40499 793
40537 580
40542 894
40547 953
40571 19
40573 962
40599 961
40619 597
40620 257
40632 182
40633 466
40635 434
40638 24
40656 433
40665 525
40675 728
40687 421
40706 696
40731 614
40734 316
40740 480
40745 571
40762 990
40778 466
40794 287
40797 222
40804 417
40812 329
40840 923
40844 285
40868 438
40871 300
40881 161
40882 645
40884 222
40888 579
40899 235
40905 950
40912 314
40931 8
40939 962
40967 560
40969 170
40973 600
40975 35
40980 864
41031 874
41052 300
41065 516
41086 146
41092 420
41096 83
41109 712
41126 199
41127 890
41143 734
41146 990
41168 376
41169 719
41173 815
41179 201
41205 452
41209 746
41222 142
41238 508
41243 119
41244 994
41260 345
41261 165
41264 798
41267 809
41269 337
41280 841
41282 598
41306 53
41313 978
41333 824
41370 547
41381 424
41386 572
41400 988
41422 179
41439 818
41462 312
41473 203
41477 822
41478 806
41498 960
41504 259
41506 858
41514 669
41517 227
41546 983
41548 201
41556 434
41570 879
41574 251
41576 863
41605 111
41606 55
41611 807
41614 158
41617 798
41632 379
41636 415
41642 489
41651 169
41660 907
41663 401
41669 277
41671 851
41674 614
41686 810
41748 669
41754 852
41784 270
41789 406
41797 303
41805 643
41814 733
41816 881
41839 562
41843 694
41853 335
41858 52
41880 425
41883 189
41887 800
41901 462
41922 249
41930 329
41935 110
41936 140
41968 590
41993 856
42002 198
42004 882
42011 325
42021 783
42035 436
42047 781
42049 67
42056 251
42124 859
42135 555
42138 361
42142 444
42148 238
42170 76
42185 749
42187 372
42196 542
42204 270
42209 159
42212 862
42220 100
42226 963
42229 142
42237 346
42239 4
42243 297
42244 100
42249 318
42254 804
42261 467
42263 196
42312 330
42349 168
42356 210
42365 407
42378 546
42380 724
42381 47
42384 248
42426 821
42431 137
42432 655
42442 128
42447 489
42450 965
42463 459
42465 398
42491 399
42494 198
42501 868
42510 191
42537 902
42543 499
42545 646
42549 609
42551 579
42556 192
42572 29
42582 617
42584 95
42596 993
42621 676
42626 36
42628 241
42644 971
42653 96
42666 404
42671 543
42677 666
42693 551
42717 617
42720 6
42726 812
42732 336
42751 939
42764 825
42772 46
42789 40
42791 881
42795 890
42796 456
42825 95
42831 167
42834 873
42841 258
42863 301
42868 706
42930 240
42939 239
42940 272
42949 581
42956 90
42970 151
42994 6
42996 718
42998 287
43005 546
43006 197
43018 534
43019 956
43023 481
43028 513
43030 164
43033 41
43035 923
43068 741
43069 612
43077 529
43078 920
43084 755
43106 990
43112 848
43140 488
43147 677
43148 644
43169 657
43173 117
43179 582
43199 626
43200 646
43213 569
43226 763
43230 421
43233 607
43246 403
43254 0
43272 399
43281 869
43285 381
43289 308
43299 76
43308 878
43312 532
43318 637
43325 959
43346 926
43361 625
43362 407
43371 982
43375 999
43386 647
43399 736
43403 541
43407 445
43408 945
43419 566
43427 447
43438 736
43442 477
43482 958
43505 143
43508 401
43518 440
43522 13
43527 917
43546 121
43572 814
43587 930
43595 899
43604 39
43626 33
43628 947
43636 512
43638 954
43641 160
43647 602
43651 60
43653 37
43658 76
43668 132
43689 470
43694 132
43710 656
43713 276
43735 667
43749 549
43769 507
43770 711
43772 130
43776 85
43780 362
43782 681
43798 993
43817 101
43818 687
43839 773
43841 543
43845 986
43850 101
43852 815
43887 479
43889 219
43898 553
43908 365
43933 195
43941 447
43952 792
43969 134
43985 152
43991 295
43994 929
43995 960
44004 323
44007 304
44017 667
44051 433
44059 701
44064 271
44069 974
44084 669
44093 542
44098 871
44110 195
44126 400
44131 410
44148 722
44157 496
44170 992
44173 154
44210 397
44214 965
44218 780
44232 875
44248 48
44267 767
44274 928
44276 816
44302 635
44311 96
44315 344
44335 348
44347 29
44353 39
44358 194
44367 599
44371 411
44381 412
44392 442
44395 390
44402 899
44405 200
44422 756
44438 623
44448 688
44460 726
44469 458
44472 366
44476 205
44478 148
44479 71
44493 534
44510 376
44522 135
44525 76
44527 439
44537 24
44543 931
44558 173
44573 911
44577 674
44597 254
44632 340
44636 890
44641 335
44650 628
44663 872
44664 639
44672 820
44686 137
44701 552
44712 182
44725 587
44728 749
44750 236
44768 706
44788 611
44798 818
44805 318
44806 241
44813 425
44818 865
44837 841
44840 645
44841 464
44849 948
44856 352
44869 623
44893 279
44898 586
44920 592
44923 746
44925 604
44930 555
44938 862
44948 556
44949 657
44950 538
44954 883
44956 957
44957 743
44958 496
44969 192
44980 83
45010 524
45023 733
45031 780
45033 857
45045 627
45046 502
45054 754
45063 658
45077 998
45100 848
45120 216
45170 402
45177 451
45178 191
45182 139
45199 602
45204 944
45234 648
45257 846
45267 107
45269 188
45280 909
45283 677
45286 370
45291 93
45295 853
45300 921
45301 279
45330 602
45350 605
45354 466
45383 124
45417 906
45429 108
45446 135
45457 553
45462 348
45468 566
45471 604
45501 949
45507 118
45510 576
45513 406
45525 516
45531 613
45537 598
45558 853
45563 38
45580 546
45582 425
45587 496
45589 486
45605 716
45621 713
45622 278
45625 30
45632 701
45639 765
45671 141
45674 722
45683 52
45700 304
45704 992
45707 161
45708 190
45725 932
45731 358
45744 411
45751 209
45753 827
45756 213
45759 585
45766 652
45767 289
45778 336
45781 690
45794 752
45808 428
45816 591
45821 246
45824 326
45825 69
45830 414
45832 771
45833 598
45853 28
45854 153
45865 238
45903 11
45904 756
45914 877
45922 465
45924 311
45925 308
45950 382
45962 747
45979 187
45984 168
45987 595
45993 395
45995 774
46006 716
46019 255
46033 625
46042 400
46051 902
46069 451
46075 409
46084 419
46104 511
46110 574
46111 442
46120 41
46124 385
46145 61
46161 807
46179 989
46181 503
46214 735
46245 427
46280 238
46283 344
46287 340
46288 762
46291 337
46294 159
46302 819
46308 694
46310 541
46323 715
46326 808
46345 247
46359 871
46362 429
46374 1
46379 991
46402 226
46406 721
46415 286
46435 151
46438 413
46456 825
46468 531
46470 806
46487 435
46489 274
46493 320
46501 6
46507 21
46511 454
46519 587
46522 928
46530 181
46537 180
46578 989
46588 570
46591 201
46636 964
46637 720
46641 448
46659 691
46681 771
46693 502
46698 951
46699 662
46716 827
46730 650
46741 980
46746 748
46753 609
46756 319
46764 63
46770 914
46787 695
46792 567
46805 654
46825 33
46827 854
46829 9
46857 193
46878 385
46882 989
46892 417
46896 621
46902 412
46906 461
46924 48
46934 509
46938 430
46953 803
46963 26
46968 18
46970 560
46975 992
46984 764
46988 102
46992 146
46995 90
47013 940
47019 466
47041 690
47042 722
47063 737
47067 500
47073 535
47075 56
47078 644
47082 384
47084 584
47090 392
47099 360
47110 45
47120 556
47128 790
47133 595
47139 893
47168 29
47171 403
47174 134
47180 291
47191 44
47196 181
47205 627
47230 220
47241 667
47255 418
47256 648
47271 360
47273 710
47274 298
47287 94
47298 327
47299 218
47307 82
47315 435
47317 455
47321 389
47330 228
47339 381
47358 31
47379 718
47395 81
47397 409
47399 211
47412 746
47414 709
47430 496
47456 623
47458 456
47459 570
47463 524
47475 713
47477 444
47486 6
47492 232
47509 455
47510 907
47513 772
47532 876
47535 263
47541 714
47563 129
47564 743
47565 499
47568 38
47585 593
47598 851
47628 919
47632 483
47635 291
47644 594
47647 567
47652 60
47655 839
47677 677
47685 646
47691 410
47693 825
47702 58
47711 151
47718 103
47722 388
47730 970
47734 642
47735 884
47739 963
47740 716
47756 527
47758 432
47762 456
47789 802
47813 502
47832 169
47847 492
47852 224
47856 127
47857 365
47859 255
47880 597
47911 389
47925 311
47930 923
47931 417
47940 787
47942 619
47959 340
47977 423
47978 224
47983 387
48013 158
48043 971
48058 86
48066 544
48083 940
48105 645
48110 877
48115 891
48116 144
48117 478
48125 652
48127 212
48135 154
48143 816
48144 110
48146 78
48175 692
48179 545
48187 753
48194 481
48195 87
48197 77
48210 411
48240 473
48249 708
48255 121
48266 59
48324 986
48338 471
48341 998
48352 465
48355 891
48376 400
48383 456
48386 372
48406 895
48410 492
48432 850
48448 916
48499 345
48504 958
48506 801
48513 384
48515 409
48528 337
48582 82
48584 976
48585 464
48586 484
48592 940
48597 472
48605 990
48620 909
48621 360
48629 556
48632 443
48644 362
48652 13
48659 972
48669 458
48674 305
48690 698
48692 916
48696 784
48721 532
48756 858
48774 306
48778 794
48779 830
48783 166
48785 460
48816 865
48817 88
48818 825
48823 780
48824 242
48830 790
48833 935
48852 514
48861 573
48877 876
48895 200
48906 178
48915 705
48917 675
48918 966
48920 580
48934 708
48935 742
48946 942
48949 21
48951 769
48961 994
48968 33
48995 889
48996 136
48997 162
49004 218
49013 766
49019 370
49020 742
49022 799
49034 961
49036 241
49054 946
49063 981
49075 760
49081 309
49107 40
49112 82
49114 887
49115 798
49118 260
49125 437
49133 377
49151 337
49154 148
49163 128
49167 911
49202 551
49205 966
49211 124
49217 635
49236 528
49245 867
49248 374
49262 980
49291 76
49294 242
49326 260
49331 910
49335 875
49342 284
49348 827
49352 663
49369 270
49381 912
49382 4
49392 873
49418 976
49420 512
49423 899
49425 269
49475 485
49476 475
49505 463
49506 933
49509 106
49510 97
49514 182
49522 753
49535 935
49552 574
49554 433
49564 849
49566 399
49571 827
49572 596
49577 964
49579 539
49592 733
49593 511
49614 612
49617 665
49622 89
49626 450
49628 22
49667 488
49673 752
49693 583
49695 97
49697 8
49699 921
49739 145
49760 87
49770 337
49773 348
49792 152
49793 852
49799 112
49802 555
49803 250
49824 1000
49831 677
49845 513
49856 61
49868 764
49874 1000
49881 396
49922 188
49932 641
49945 41
49972 29
50029 571
50054 470
50061 328
50066 217
50071 495
50074 418
50081 784
50088 848
50102 831
50108 852
50118 305
50131 537
50153 848
50156 826
50171 873
50179 242
50187 40
50218 369
50228 186
50231 421
50232 160
50235 487
50254 369
50263 130
50264 772
50266 763
50276 269
50278 276
50282 927
50299 678
50312 708
50319 343
50327 990
50329 526
50347 808
50352 213
50363 903
50371 384
50391 248
50424 708
50433 152
50442 319
50445 941
50450 874
50456 239
50485 109
50488 783
50499 336
50517 587
50523 626
50549 750
50556 234
50557 269
50560 620
50583 999
50585 918
50586 842
50587 724
50595 719
50598 499
50611 881
50613 731
50620 964
50622 260
50633 167
50634 820
50659 541
50665 535
50668 802
50669 214
50675 986
50691 904
50697 335
50718 633
50720 772
50728 601
50736 29
50738 252
50751 477
50757 77
50768 268
50789 518
50791 438
50802 278
50841 413
50851 792
50864 975
50871 799
50875 375
50883 251
50898 605
50908 991
50914 105
50929 581
50946 782
50948 130
50965 90
50984 666
51020 902
51021 472
51029 329
51033 660
51045 795
51093 225
51100 905
51102 575
51105 712
51116 176
51121 70
51129 606
51130 887
51134 393
51139 283
51156 830
51173 900
51188 777
51195 666
51202 110
51204 845
51208 455
51212 936
51225 35
51240 188
51241 287
51244 974
51246 754
51247 641
51257 215
51259 830
51260 835
51261 42
51265 312
51268 649
51272 345
51274 688
51279 949
51293 221
51295 200
51316 81
51318 433
51319 688
51324 137
51326 692
51328 746
51368 129
51382 515
51397 581
51399 474
51406 996
51409 688
51451 811
51460 643
51466 307
51469 98
51487 298
51498 295
51503 562
51529 381
51538 26
51547 865
51552 927
51567 759
51587 467
51597 726
51610 74
51635 124
51649 598
51651 178
51653 275
51660 311
51666 317
51672 666
51685 86
51688 161
51692 79
51697 258
51718 976
51738 636
51740 904
51749 985
51756 430
51759 867
51767 552
51771 974
51786 623
51791 305
51792 974
51803 161
51812 716
51815 18
51819 354
51824 37
51841 823
51843 841
51848 257
51859 322
51865 56
51869 467
51877 700
51879 11
51891 949
51901 480
51904 654
51933 152
51934 624
51944 661
51951 285
51959 632
51971 882
51974 872
51979 457
51988 25
51991 673
52022 405
52051 3
52059 321
52060 135
52064 124
52065 446
52070 21
52073 558
52074 961
52109 596
52122 199
52125 947
52131 342
52160 787
52161 216
52178 97
52184 635
52234 117
52244 655
52245 179
52247 294
52252 864
52255 919
52262 231
52269 420
52286 261
52295 315
52314 24
52317 537
52324 890
52329 199
52331 390
52338 984
52343 491
52356 572
52357 821
52366 167
52381 80
52396 454
52416 301
52431 436
52441 15
52475 390
52486 304
52495 708
52520 237
52527 353
52531 831
52532 607
52546 156
52554 89
52556 577
52570 695
52571 931
52573 948
52610 645
52620 119
52631 222
52665 19
52675 873
52679 10
52695 954
52696 843
52697 518
52706 887
52734 671
52772 700
52773 21
52779 931
52789 989
52837 669
52838 388
52839 731
52847 892
52850 296
52851 849
52864 178
52867 664
52918 722
52921 352
52942 980
52947 721
52953 514
52956 779
52957 393
52967 795
52973 974
52979 643
52994 939
53008 952
53026 380
53033 50
53036 517
53045 197
53046 311
53048 866
53077 266
53080 17
53099 788
53100 22
53128 546
53139 741
53140 231
53153 583
53154 478
53158 923
53196 21
53207 511
53215 820
53221 977
53232 123
53236 203
53250 325
53260 159
53272 669
53295 70
53298 622
53315 20
53334 890
53349 66
53359 785
53370 942
53379 337
53383 469
53390 792
53401 440
53409 989
53421 972
53422 533
53430 755
53461 90
53470 971
53475 286
53477 180
53479 812
53490 253
53492 714
53498 312
53501 282
53505 217
53506 161
53513 63
53517 849
53599 81
53628 398
53643 533
53651 732
53654 878
53656 642
53672 298
53678 510
53691 416
53694 611
53696 291
53731 134
53745 158
53752 111
53759 324
53761 254
53771 557
53772 309
53775 433
53777 218
53779 508
53794 522
53796 943
53797 713
53808 502
53812 557
53819 589
53822 558
53823 649
53854 601
53863 971
53873 86
53898 933
53945 536
53946 199
53950 130
53955 524
53959 479
53962 102
53994 280
53995 889
53999 264
54001 634
54014 219
54015 493
54025 579
54028 582
54056 873
54066 881
54091 932
54095 410
54098 885
54101 470
54104 690
54125 427
54136 35
54143 322
54144 717
54146 279
54190 199
54197 646
54213 225
54220 273
54230 699
54247 200
54258 224
54263 19
54289 482
54294 711
54296 268
54329 892
54330 652
54337 407
54338 914
54339 182
54340 491
54353 978
54371 489
54375 208
54380 303
54386 887
54402 615
54423 767
54442 66
54445 344
54454 4
54456 319
54469 163
54471 274
54483 369
54487 874
54488 203
54490 984
54491 396
54494 953
54512 708
54518 54
54524 20
54532 949
54553 362
54562 723
54573 494
54578 481
54596 238
54603 438
54612 198
54614 315
54620 315
54625 962
54633 410
54644 464
54672 932
54694 362
54699 156
54704 723
54706 633
54711 555
54720 279
54723 254
54731 64
54738 32
54747 54
54759 254
54767 6
54772 32
54825 980
54836 364
54840 812
54841 702
54849 89
54859 935
54864 373
54865 577
54877 117
54890 522
54918 515
54932 818
54949 953
54966 259
55006 697
55013 147
55035 716
55041 177
55042 809
55050 12
55051 30
55053 407
55086 621
55101 851
55113 256
55119 561
55130 880
55133 876
55138 114
55140 650
55141 594
55166 61
55170 696
55185 651
55199 196
55232 528
55238 512
55244 402
55253 212
55255 383
55256 837
55260 102
55264 443
55277 388
55278 280
55282 370
55302 374
55309 888
55313 0
55324 671
55362 872
55366 932
55370 461
55378 841
55389 825
55411 8
55425 804
55428 772
55431 74
55447 630
55471 631
55481 21
55484 192
55494 409
55497 529
55506 606
55515 535
55520 480
55545 261
55551 233
55574 88
55577 392
55581 923
55586 186
55587 580
55588 319
55589 411
55593 71
55595 529
55603 780
55611 528
55618 711
55621 692
55627 826
55631 376
55642 263
55662 253
55669 248
55676 109
55678 111
55679 408
55696 946
55700 69
55701 218
55710 338
55721 154
55731 700
55739 420
55744 163
55748 284
55755 600
55767 961
55789 477
55796 343
55797 651
55799 602
55817 749
55821 628
55823 651
55847 944
55850 492
55853 52
55864 567
55869 195
55879 948
55884 804
55898 176
55902 723
55906 388
55907 511
55929 337
55934 731
55988 333
55993 839
55997 231
56001 345
56011 757
56013 623
56017 831
56037 90
56056 945
56058 223
56065 942
56075 231
56082 196
56094 581
56114 2
56136 675
56195 876
56198 516
56203 629
56214 99
56216 908
56220 215
56223 764
56224 204
56227 694
56234 290
56254 192
56262 274
56302 620
56303 357
56304 653
56307 462
56323 214
56330 763
56365 609
56367 336
56370 36
56377 127
56387 79
56390 256
56391 48
56406 540
56407 688
56412 984
56421 158
56425 29
56428 915
56441 17
56462 774
56468 50
56470 712
56482 906
56497 902
56536 382
56538 864
56560 272
56580 866
56603 445
56615 596
56629 128
56631 36
56643 466
56656 107
56657 944
56674 343
56678 871
56680 651
56684 934
56697 301
56702 565
56703 939
56709 733
56740 233
56741 970
56763 897
56767 365
56778 977
56789 931
56797 520
56849 548
56853 255
56866 68
56871 167
56882 761
56883 812
56887 996
56903 393
56916 511
56923 401
56937 995
56953 364
56977 37
56991 903
57005 873
57016 203
57029 497
57033 64
57044 697
57049 870
57054 810
57059 759
57071 308
57085 733
57090 928
57101 980
57105 801
57116 860
57158 358
57162 395
57197 641
57204 298
57215 493
57226 796
57234 895
57259 203
57261 620
57265 177
57274 828
57278 135
57285 595
57309 874
57328 48
57344 343
57350 884
57354 383
57378 442
57385 707
57394 646
57406 56
57416 8
57425 855
57430 463
57435 949
57447 196
57454 629
57469 496
57487 515
57492 992
57508 828
57539 539
57541 618
57545 300
57550 388
57561 411
57569 538
57573 770
57579 725
57586 958
57589 127
57607 766
57615 900
57616 184
57619 743
57638 780
57644 148
57650 830
57658 874
57659 873
57662 790
57666 655
57669 608
57686 876
57693 834
57700 407
57704 591
57711 705
57725 1
57726 926
57763 913
57780 36
57786 180
57806 322
57815 821
57829 689
57836 517
57851 73
57864 216
57876 306
57884 205
57895 763
57904 120
57927 441
57932 475
57952 982
57958 786
57968 832
57992 964
57998 748
58012 300
58015 478
58019 946
58033 491
58036 548
58043 406
58056 514
58074 454
58077 320
58083 748
58100 472
58105 511
58111 639
58114 495
58120 879
58125 733
58132 333
58138 607
58147 370
58149 297
58157 444
58158 73
58160 658
58162 903
58191 731
58196 170
58198 865
58201 206
58238 903
58252 25
58254 643
58256 496
58267 511
58279 943
58283 584
58288 902
58291 889
58294 512
58298 315
58301 16
58323 27
58326 980
58331 651
58337 440
58349 68
58357 877
58363 53
58367 246
58368 949
58370 724
58378 347
58379 0
58383 728
58387 194
58389 389
58394 1000
58396 434
58405 223
58417 64
58431 147
58442 490
58443 665
58449 47
58456 851
58467 157
58473 867
58498 245
58514 79
58518 417
58520 722
58529 843
58532 361
58540 645
58546 68
58551 127
58559 495
58561 234
58573 597
58597 688
58607 907
58634 733
58652 835
58666 500
58668 329
58680 677
58686 192
58694 264
58701 428
58710 19
58728 885
58730 114
58731 899
58740 598
58745 455
58755 298
58766 839
58778 334
58790 624
58794 272
58808 348
58821 268
58825 489
58830 678
58840 385
58859 609
58864 104
58866 983
58890 355
58905 345
58918 828
58923 233
58949 449
58962 555
58969 475
58979 787
59018 474
59026 824
59028 675
59030 964
59035 438
59045 557
59065 699
59069 153
59074 740
59084 105
59100 382
59108 328
59109 331
59110 307
59114 614
59117 922
59131 710
59133 525
59140 567
59160 637
59163 172
59186 225
59224 950
59228 251
59230 773
59250 81
59257 337
59260 222
59282 48
59294 296
59323 888
59325 601
59333 921
59347 368
59350 900
59360 597
59364 537
59365 249
59373 461
59374 859
59392 946
59393 896
59402 496
59418 466
59433 356
59435 582
59436 978
59466 47
59469 846
59478 139
59480 129
59492 344
59494 2
59496 250
59498 755
59499 758
59501 53
59516 650
59536 567
59539 994
59553 858
59559 488
59561 135
59578 152
59581 421
59593 135
59594 920
59600 364
59613 947
59633 557
59643 210
59648 522
59654 904
59674 425
59677 997
59679 950
59698 408
59707 969
59715 409
59727 30
59730 10
59736 323
59737 322
59738 530
59739 567
59743 38
59750 940
59768 295
59769 0
59778 593
59783 837
59787 789
59798 591
59810 993
59813 512
59814 160
59834 834
59841 894
59843 482
59846 444
59851 326
59858 167
59863 458
59866 138
59877 557
59886 646
59889 887
59913 804
59915 591
59930 607
59941 885
59960 5
59967 571
59976 467
59980 780
59984 434
60006 909
60009 842
60019 371
60034 70
60048 933
60054 718
60057 130
60070 395
60082 113
60095 12
60099 125
60106 204
60113 6
60122 439
60138 537
60144 959
60147 127
60148 489
60158 789
60191 3
60206 157
60241 420
60242 23
60255 527
60261 498
60262 853
60287 647
60289 709
60319 385
60347 48
60348 960
60356 433
60365 65
60379 968
60382 250
60385 678
60400 826
60403 680
60406 717
60435 393
60436 873
60440 823
60443 627
60445 650
60448 990
60458 567
60464 135
60471 37
60476 749
60488 683
60493 123
60497 640
60500 806
60502 888
60505 118
60518 720
60528 554
60532 643
60533 953
60535 565
60540 437
60543 12
60555 129
60574 547
60576 956
60582 544
60632 548
60636 539
60641 220
60644 511
60648 430
60654 743
60661 963
60665 399
60668 76
60678 243
60686 517
60691 231
60693 396
60700 485
60704 47
60712 207
60718 730
60728 832
60730 287
60741 1000
60742 824
60746 453
60750 638
60760 259
60762 989
60770 964
60775 655
60809 885
60814 142
60818 705
60823 883
60833 609
60849 793
60851 330
60855 102
60857 50
60870 263
60876 843
60885 974
60915 606
60917 712
60935 415
60945 60
60955 59
60962 558
60979 102
60980 779
60993 577
60995 380
61015 817
61031 480
61040 901
61049 26
61064 828
61074 42
61090 540
61106 365
61110 179
61118 619
61122 873
61130 655
61131 678
61137 894
61141 204
61152 361
61169 153
61181 416
61187 726
61191 223
61196 526
61200 568
61202 268
61210 959
61216 454
61220 242
61223 607
61227 93
61229 40
61230 790
61249 716
61259 371
61278 440
61287 727
61302 433
61306 36
61316 28
61333 361
61334 36
61337 387
61347 354
61358 702
61386 963
61388 798
61401 422
61402 340
61406 473
61430 996
61433 436
61441 215
61442 686
61446 436
61461 505
61464 905
61465 219
61477 120
61515 122
61545 781
61546 125
61552 596
61556 724
61560 698
61567 170
61580 192
61584 659
61615 939
61656 838
61663 245
61664 776
61670 253
61683 638
61691 887
61710 681
61723 340
61727 124
61740 722
61741 293
61769 212
61773 877
61779 718
61784 757
61796 293
61822 149
61824 466
61865 884
61871 640
61880 709
61903 534
61911 815
61913 896
61914 504
61924 774
61937 983
61958 246
61961 825
61964 639
61987 52
61988 128
62000 349
62003 245
62023 923
62028 168
62035 646
62053 309
62055 230
62057 272
62065 667
62070 342
62078 312
62079 891
62083 768
62084 702
62095 310
62098 234
62110 544
62112 677
62113 727
62124 267
62148 364
62159 773
62170 695
62179 925
62185 503
62199 127
62206 525
62208 105
62215 466
62222 946
62235 254
62238 670
62239 45
62242 647
62248 266
62277 919
62279 872
62284 248
62294 570
62297 447
62303 488
62313 134
62316 348
62335 213
62337 366
62338 503
62342 130
62343 227
62350 150
62354 825
62356 201
62368 582
62397 894
62398 805
62417 304
62418 23
62423 514
62436 568
62438 668
62442 631
62445 554
62446 175
62447 183
62461 963
62464 628
62482 489
62483 993
62487 925
62507 570
62509 992
62523 822
62532 863
62538 669
62539 39
62543 742
62545 460
62570 852
62573 243
62589 443
62596 303
62609 32
62613 24
62616 222
62623 421
62629 499
62639 214
62646 4
62655 683
62662 153
62665 907
62676 950
62686 326
62690 378
62695 594
62696 560
62703 740
62706 202
62709 786
62718 985
62721 92
62722 314
62728 251
62732 786
62742 558
62774 375
62780 682
62795 930
62798 863
62807 606
62814 733
62815 680
62821 496
62824 341
62828 898
62829 514
62830 257
62861 890
62863 408
62873 977
62874 856
62883 649
62913 708
62934 188
62941 72
62958 97
62975 23
62980 468
62982 167
62990 149
62996 577
63008 142
63020 606
63023 487
63024 675
63030 41
63031 46
63043 215
63051 776
63073 308
63075 387
63092 85
63111 312
63113 719
63135 20
63143 87
63160 522
63161 367
63173 764
63189 467
63202 446
63225 520
63228 908
63229 325
63240 690
63246 508
63247 481
63262 645
63266 617
63281 567
63293 219
63301 14
63309 968
63311 728
63332 892
63333 357
63336 236
63339 942
63342 868
63348 827
63367 188
63378 334
63416 520
63425 813
63429 43
63431 18
63441 499
63442 823
63475 622
63482 472
63489 410
63490 237
63505 216
63515 258
63517 971
63534 815
63535 582
63536 671
63566 978
63581 238
63607 937
63611 732
63626 317
63629 21
63643 48
63644 907
63658 492
63662 889
63663 868
63668 410
63670 717
63673 562
63674 246
63695 837
63743 611
63753 297
63759 488
63773 183
63786 954
63789 51
63790 11
63800 783
63803 157
63811 300
63839 56
63847 874
63850 665
63872 597
63877 232
63912 605
63933 919
63942 436
63946 147
63949 189
63970 959
63972 271
63981 933
63990 944
63996 529
63997 480
63999 778
64008 788
64009 923
64016 358
64026 294
64033 376
64039 208
64051 469
64070 277
64073 713
64074 633
64079 405
64086 498
64092 947
64099 919
64108 896
64124 476
64151 146
64173 934
64192 650
64208 702
64239 109
64245 541
64258 169
64260 277
64268 123
64292 175
64302 730
64320 47
64335 467
64337 525
64340 998
64344 940
64346 185
64347 123
64350 626
64351 535
64356 673
64378 333
64382 702
64420 78
64423 854
64433 894
64436 810
64439 63
64444 63
64446 882
64447 541
64476 644
64484 878
64488 842
64489 185
64493 251
64501 105
64506 2
64515 744
64523 353
64528 334
64541 270
64542 577
64566 483
64578 64
64599 752
64617 861
64627 216
64644 122
64645 963
64647 200
64648 994
64659 126
64660 245
64661 988
64683 939
64690 348
64710 906
64744 201
64750 79
64757 677
64761 785
64784 862
64798 150
64799 781
64825 934
64830 479
64831 425
64842 657
64865 763
64869 465
64872 811
64877 386
64878 317
64884 191
64889 53
64892 169
64893 193
64894 794
64900 840
64903 526
64920 729
64923 533
64932 286
64939 709
64940 110
64952 217
64973 734
64976 565
64992 768
64995 233
64999 424
65000 758
65017 803
65029 729
65035 373
65036 187
65042 838
65057 609
65087 526
65094 627
65098 365
65102 596
65126 824
65131 358
65132 932
65139 672
65155 772
65162 346
65171 843
65196 133
65240 209
65242 571
65245 817
65252 16
65264 156
65272 532
65284 918
65318 104
65343 544
65357 341
65385 722
65414 726
65418 508
65419 388
65423 380
65427 803
65429 343
65447 245
65473 852
65539 292
65563 628
65566 391
65569 594
65589 561
65592 799
65605 120
65606 606
65632 671
65640 67
65641 217
65644 22
65680 93
65697 683
65704 700
65716 209
65728 28
65739 701
65742 148
65744 860
65748 983
65754 214
65761 427
65770 544
65791 955
65793 407
65796 742
65797 329
65801 853
65803 188
65806 293
65809 3
65812 662
65819 757
65822 648
65832 914
65834 598
65837 158
65841 993
65847 606
65852 14
65879 193
65886 831
65887 226
65897 595
65907 587
65911 121
65914 672
65916 665
65920 129
65929 499
65938 518
65959 778
65960 218
65962 559
65963 9
65989 150
66007 748
66021 278
66034 340
66044 18
66055 517
66065 606
66099 744
66122 524
66134 154
66145 331
66146 56
66149 979
66154 281
66155 128
66164 885
66171 276
66185 727
66197 596
66210 3
66216 997
66229 683
66230 739
66231 848
66251 594
66255 58
66257 688
66259 302
66287 143
66289 990
66299 349
66349 98
66350 161
66353 883
66355 95
66356 376
66367 568
66369 309
66375 887
66378 361
66394 27
66395 567
66415 902
66438 664
66439 798
66444 679
66445 386
66463 115
66478 421
66479 489
66482 813
66516 649
66519 941
66522 651
66523 263
66532 891
66558 132
66569 359
66571 406
66578 364
66581 449
66586 9
66617 293
66650 167
66700 322
66706 783
66714 138
66719 969
66727 355
66729 127
66738 485
66748 519
66755 125
66763 613
66769 725
66770 915
66787 655
66804 717
66808 761
66821 658
66837 92
66843 964
66849 82
66861 533
66862 432
66867 937
66900 933
66912 504
66924 411
66930 822
66951 309
66957 514
66959 80
66971 814
66974 755
66988 834
66994 948
66998 224
67004 343
67006 243
67017 190
67018 59
67027 225
67052 117
67067 473
67091 193
67103 871
67114 554
67122 515
67135 711
67145 719
67147 104
67159 985
67160 816
67169 94
67175 535
67182 78
67188 743
67197 951
67211 460
67226 454
67238 779
67259 579
67284 144
67286 81
67298 348
67323 722
67327 856
67329 589
67339 104
67345 52
67356 153
67375 113
67394 561
67395 332
67410 934
67417 137
67427 235
67436 33
67439 730
67441 718
67452 688
67475 227
67498 37
67501 542
67502 338
67516 211
67545 367
67547 366
67560 831
67565 54
67569 114
67585 277
67588 825
67603 167
67610 105
67621 297
67635 546
67649 990
67677 283
67687 439
67688 131
67696 55
67735 625
67753 879
67754 284
67764 79
67765 929
67770 189
67781 227
67788 300
67803 8
67808 767
67831 329
67842 389
67864 292
67874 117
67883 759
67906 587
67937 316
67942 640
67945 734
67947 732
67952 861
67956 230
67965 787
67980 904
68036 780
68045 2
68049 8
68050 997
68057 7
68062 29
68074 706
68094 760
68103 80
68104 108
68120 448
68134 591
68157 285
68160 872
68173 229
68177 962
68179 508
68183 160
68189 394
68197 65
68205 663
68234 95
68241 388
68242 880
68244 361
68245 723
68254 505
68261 857
68266 16
68273 838
68275 149
68294 983
68297 116
68308 148
68310 92
68315 550
68328 137
68334 765
68365 850
68391 133
68401 636
68409 700
68430 284
68440 294
68452 460
68466 994
68525 847
68527 496
68531 899
68538 89
68558 656
68564 996
68580 851
68582 438
68583 839
68592 163
68594 436
68596 872
68608 180
68616 402
68626 13
68656 230
68660 448
68667 836
68681 56
68696 625
68704 466
68721 283
68727 758
68728 377
68743 499
68752 398
68753 369
68757 879
68764 374
68782 386
68794 923
68805 233
68838 182
68866 698
68879 507
68880 637
68883 423
68893 568
68896 64
68897 129
68913 752
68920 226
68940 178
68953 778
68963 444
68967 567
68986 179
68997 310
69017 711
69036 495
69039 633
69050 562
69060 654
69066 858
69077 919
69093 531
69094 670
69099 868
69127 811
69136 787
69181 30
69194 718
69197 680
69200 26
69209 680
69213 122
69217 474
69235 103
69240 689
69246 803
69266 343
69268 164
69270 515
69277 565
69288 226
69290 365
69297 960
69309 480
69313 348
69320 263
69329 331
69330 162
69344 368
69360 734
69384 1
69387 753
69392 619
69411 376
69430 482
69434 679
69450 607
69457 958
69466 916
69480 911
69493 15
69498 684
69523 256
69531 763
69532 453
69534 260
69541 340
69542 633
69548 742
69572 352
69587 599
69592 788
69623 259
69632 163
69634 995
69635 40
69637 320
69642 572
69644 964
69647 673
69654 498
69665 323
69677 214
69687 321
69726 761
69742 259
69753 552
69754 775
69771 296
69785 900
69797 270
69814 677
69829 357
69830 390
69836 196
69841 194
69865 163
69883 549
69890 561
69904 815
69907 287
69924 489
69942 493
69953 874
69973 627
69977 384
69992 28
70009 738
70010 795
70012 675
70033 618
70043 747
70085 318
70088 612
70092 162
70099 758
70120 817
70135 336
70162 807
70170 217
70176 319
70180 855
70186 645
70195 653
70198 654
70202 272
70207 534
70209 689
70213 991
70247 916
70248 265
70255 390
70256 314
70260 683
70262 310
70278 105
70288 221
70293 292
70310 9
70314 77
70349 921
70353 740
70360 658
70363 230
70370 176
70376 773
70378 456
70385 383
70416 809
70432 304
70437 203
70442 157
70447 852
70448 93
70449 387
70487 461
70500 261
70503 49
70506 252
70508 242
70521 493
70546 859
70564 478
70572 510
70584 456
70593 330
70609 430
70612 766
70614 598
70619 1
70642 40
70651 679
70658 34
70669 1000
70691 779
70693 780
70694 944
70696 322
70699 473
70786 513
70800 700
70801 261
70802 221
70811 62
70821 845
70827 297
70834 346
70848 502
70865 262
70886 276
70898 718
70901 865
70913 885
70919 324
70926 50
70930 317
70931 520
70943 298
70951 920
70960 257
71012 636
71015 472
71030 123
71039 22
71043 0
71046 905
71049 483
71058 12
71063 493
71074 497
71088 445
71095 328
71103 81
71115 1000
71118 71
71121 654
71130 861
71143 348
71144 729
71155 462
71164 4
71165 964
71195 316
71201 202
71202 698
71219 352
71236 239
71256 532
71265 235
71280 145
71288 675
71320 420
71326 942
71332 961
71351 507
71356 634
71368 632
71370 336
71382 740
71386 981
71390 611
71402 415
71404 616
71406 553
71412 231
71420 179
71448 818
71461 709
71464 489
71486 946
71488 821
71496 404
71499 229
71504 312
71505 585
71507 95
71519 594
71523 556
71535 790
71542 76
71543 343
71550 861
71566 956
71573 75
71578 33
71584 224
71590 82
71599 771
71606 716
71673 9
71705 105
71712 23
71730 935
71748 941
71749 820
71750 123
71757 580
71764 25
71776 571
71855 657
71885 910
71894 153
71903 629
71909 870
71911 936
71920 463
71937 903
71944 349
71950 63
71951 322
71964 166
71993 80
71998 999
72016 804
72019 618
72022 371
72029 449
72031 128
72047 324
72067 396
72070 727
72071 877
72079 483
72106 462
72110 544
72112 134
72119 501
72121 177
72141 875
72142 512
72146 789
72148 489
72179 180
72180 342
72182 509
72183 117
72186 454
72192 438
72196 701
72228 646
72231 2
72237 459
72250 890
72289 456
72302 929
72309 598
72319 538
72324 603
72332 15
72333 317
72336 395
72344 188
72352 253
72358 633
72388 56
72402 137
72418 448
72427 335
72430 418
72444 807
72448 456
72450 944
72451 367
72473 769
72494 593
72501 768
72503 3
72504 404
72513 278
72528 941
72530 997
72542 681
72546 740
72548 212
72549 267
72552 537
72564 48
72575 540
72576 783
72588 106
72590 622
72617 990
72640 309
72653 242
72663 791
72671 245
72683 823
72698 781
72702 429
72708 14
72724 740
72733 969
72740 404
72748 227
72779 419
72783 401
72797 444
72829 439
72835 180
72837 154
72842 845
72850 799
72857 749
72860 442
72877 461
72881 1
72884 78
72886 435
72890 371
72912 465
72917 846
72929 840
72937 783
72938 72
72970 137
72982 866
72985 33
72990 969
72991 97
73003 69
73012 775
73013 732
73020 893
73023 711
73044 874
73056 304
73063 891
73074 716
73106 876
73113 746
73114 497
73122 601
73136 228
73142 716
73147 691
73156 915
73183 40
73212 183
73215 1
73223 384
73224 650
73236 801
73248 816
73257 763
73261 303
73270 217
73273 460
73279 749
73290 821
73296 930
73297 446
73300 572
73307 821
73310 181
73351 913
73376 645
73386 641
73389 30
73398 360
73401 83
73418 235
73433 940
73437 104
73448 850
73449 222
73455 974
73465 337
73474 627
73482 833
73490 20
73504 656
73518 41
73552 284
73554 375
73573 35
73583 932
73594 726
73648 401
73673 650
73680 680
73683 531
73687 294
73691 591
73700 521
73702 617
73706 818
73717 182
73724 221
73737 935
73747 140
73749 88
73754 135
73765 372
73775 155
73779 24
73781 332
73792 975
73795 431
73816 654
73817 265
73834 741
73835 557
73838 421
73842 361
73850 300
73853 47
73856 128
73858 565
73859 206
73873 891
73885 792
73913 210
73919 858
73932 728
73934 635
73935 853
73938 887
73939 264
73941 168
73943 376
73955 50
73961 155
73976 410
73978 65
73983 74
73989 35
73992 94
74023 50
74053 902
74056 258
74072 211
74077 174
74082 370
74096 791
74116 45
74132 970
74133 985
74138 37
74146 220
74155 813
74158 122
74162 103
74164 832
74174 566
74179 91
74186 575
74188 986
74191 688
74198 198
74203 543
74211 980
74238 385
74271 23
74276 481
74284 515
74289 659
74294 639
74310 30
74324 625
74330 373
74349 773
74351 489
74364 116
74365 178
74375 756
74381 540
74385 472
74389 814
74400 227
74409 103
74412 24
74428 22
74433 524
74462 307
74466 252
74479 805
74486 699
74490 181
74493 591
74496 108
74511 609
74517 216
74522 696
74526 183
74535 861
74555 171
74556 241
74560 90
74563 482
74568 781
74578 324
74592 538
74596 862
74604 752
74615 774
74616 712
74620 985
74622 655
74629 403
74653 222
74654 973
74658 827
74664 411
74684 319
74713 798
74718 806
74722 218
74727 195
74728 233
74729 369
74742 954
74757 299
74760 833
74769 743
74770 142
74781 957
74785 590
74805 174
74820 317
74822 979
74851 269
74873 758
74886 114
74906 229
74910 628
74912 863
74917 770
74919 560
74933 442
74950 54
74958 642
74967 480
74986 82
74997 805
75041 384
75044 68
75057 718
75059 690
75070 984
75076 94
75086 187
75094 120
75102 762
75103 648
75105 239
75114 660
75128 421
75130 681
75143 709
75162 129
75169 236
75180 889
75209 11
75212 955
75213 778
75219 261
75242 759
75264 972
75271 399
75273 138
75299 855
75306 936
75309 977
75311 763
75313 766
75327 473
75330 580
75337 991
75339 244
75344 609
75351 463
75354 129
75359 183
75364 925
75391 311
75399 758
75406 420
75412 342
75413 35
75417 326
75464 89
75470 98
75472 117
75476 148
75479 277
75506 801
75526 0
75529 596
75532 602
75545 776
75565 869
75566 980
75589 830
75604 213
75627 642
75628 390
75640 113
75642 840
75647 792
75653 114
75655 911
75671 26
75680 42
75711 156
75745 468
75766 923
75772 640
75783 230
75786 968
75795 275
75808 594
75812 911
75817 411
75839 188
75840 386
75849 845
75885 467
75887 978
75890 772
75891 14
75895 614
75910 912
75918 887
75923 550
75926 126
75935 704
75936 879
75955 918
75966 960
75998 671
76003 126
76005 299
76011 623
76033 151
76052 349
76053 806
76059 997
76060 962
76063 794
76064 660
76070 497
76080 212
76092 678
76110 427
76130 789
76133 303
76148 374
76149 294
76164 976
76178 747
76197 900
76221 825
76222 164
76225 982
76232 864
76246 761
76267 558
76318 714
76346 902
76369 886
76377 491
76411 16
76431 65
76438 453
76462 249
76479 430
76487 738
76489 96
76493 62
76510 286
76512 168
76520 886
76522 687
76526 30
76529 721
76548 189
76549 571
76551 671
76559 416
76579 421
76583 526
76584 630
76598 629
76611 243
76616 73
76618 620
76628 411
76632 350
76650 337
76659 338
76669 29
76682 478
76684 196
76695 165
76696 343
76697 129
76699 529
76711 110
76738 367
76740 612
76742 254
76743 860
76746 2
76758 258
76766 277
76770 673
76787 627
76789 916
76798 190
76826 890
76834 880
76843 893
76847 64
76848 106
76854 348
76858 501
76873 47
76880 145
76885 730
76903 241
76907 257
76909 221
76912 751
76915 78
76927 259
76953 900
76958 867
76966 122
77012 638
77020 58
77027 610
77050 64
77054 855
77056 712
77063 852
77067 317
77095 941
77105 12
77112 901
77118 847
77120 4
77122 381
77152 760
77158 711
77167 18
77196 685
77199 639
77214 774
77219 866
77238 415
77249 855
77258 601
77264 326
77281 461
77298 522
77315 763
77328 360
77364 237
77433 803
77444 244
77458 299
77463 185
77466 774
77474 463
77476 615
77478 12
77482 756
77513 438
77523 110
77525 86
77526 129
77527 564
77567 828
77570 677
77572 351
77587 847
77596 817
77597 822
77598 428
77614 447
77626 893
77628 787
77630 409
77656 283
77684 976
77687 934
77699 1
77721 126
77727 904
77747 24
77756 65
77766 466
77788 900
77791 832
77802 858
77832 198
77833 806
77857 999
77858 234
77861 666
77864 440
77868 889
77882 618
77890 750
77892 990
77903 48
77923 904
77934 52
77943 829
77960 960
77972 385
77979 529
77982 152
77992 26
78011 211
78017 827
78034 345
78049 16
78078 156
78087 638
78136 375
78139 153
78154 626
78161 88
78170 73
78174 712
78185 656
78197 693
78200 800
78253 656
78264 319
78270 793
78276 463
78282 726
78292 15
78297 292
78312 754
78320 447
78326 574
78330 771
78344 345
78353 421
78358 572
78365 970
78370 551
78374 68
78381 547
78389 376
78390 26
78399 369
78403 230
78404 838
78409 587
78412 568
78426 974
78438 576
78439 938
78440 582
78454 954
78472 502
78518 788
78522 417
78527 902
78543 559
78552 762
78555 329
78556 424
78559 734
78566 359
78570 822
78588 589
78592 137
78602 422
78604 830
78607 86
78627 406
78628 448
78634 74
78661 864
78682 651
78685 467
78687 705
78699 658
78711 73
78715 858
78722 771
78727 143
78728 354
78746 360
78751 735
78753 485
78755 960
78757 807
78761 146
78772 901
78786 772
78791 677
78796 136
78798 643
78801 465
78816 710
78827 897
78864 626
78884 237
78892 103
78895 118
78901 645
78906 522
78948 0
78953 134
78956 105
78964 587
78980 955
78988 606
78994 707
79002 600
79035 818
79053 891
79096 690
79123 960
79141 650
79163 158
79171 298
79178 462
79182 772
79199 405
79210 762
79243 883
79258 132
79263 381
79266 364
79267 858
79272 347
79289 940
79300 329
79302 427
79303 719
79318 258
79324 566
79332 304
79341 117
79343 216
79354 896
79356 323
79374 4
79376 191
79396 336
79406 519
79418 664
79422 220
79429 501
79439 346
79444 56
79450 367
79452 815
79457 760
79458 716
79462 415
79478 45
79497 698
79501 505
79514 676
79518 508
79520 524
79524 644
79525 409
79547 490
79551 346
79559 223
79561 732
79562 975
79603 322
79605 621
79616 302
79644 573
79646 520
79647 11
79676 576
79680 398
79687 985
79688 50
79701 256
79710 914
79723 467
79733 267
79742 4
79762 849
79766 403
79768 11
79799 93
79800 892
79830 440
79835 146
79839 929
79848 15
79859 607
79862 856
79868 893
79878 808
79879 191
79880 385
79885 8
79903 417
79909 546
79911 950
79921 578
79925 19
79944 832
79961 195
79971 369
79972 939
79978 570
79990 813
79995 273
79999 818
80003 852
80013 748
80016 647
80018 277
80054 624
80055 617
80057 869
80063 979
80071 966
80102 805
80106 223
80112 659
80126 35
80145 669
80156 206
80166 820
80189 204
80192 971
80218 615
80231 891
80246 498
80252 838
80261 333
80268 88
80269 711
80278 212
80287 605
80289 455
80290 744
80308 659
80322 189
80330 536
80340 824
80349 708
80381 387
80382 457
80417 437
80420 924
80421 529
80433 281
80438 93
80462 938
80470 492
80472 48
80478 669
80489 778
80498 94
80503 949
80518 115
80525 131
80557 448
80559 302
80561 727
80592 424
80597 624
80621 167
80630 988
80635 19
80638 25
80642 492
80668 871
80675 613
80702 425
80708 122
80713 887
80737 493
80755 920
80756 452
80769 711
80774 55
80778 608
80782 425
80802 508
80807 588
80809 99
80828 825
80836 330
80916 662
80943 83
80948 61
80960 179
80978 587
80979 775
80981 602
81010 475
81021 23
81022 46
81048 737
81053 751
81056 988
81061 619
81068 897
81076 855
81080 739
81084 119
81094 288
81098 590
81099 441
81115 647
81129 187
81130 733
81134 120
81137 138
81160 438
81165 990
81168 138
81177 977
81185 987
81205 408
81210 120
81217 205
81218 722
81220 891
81243 682
81244 363
81245 428
81246 10
81287 163
81299 27
81302 629
81315 169
81318 47
81319 529
81335 946
81353 286
81360 533
81364 628
81411 182
81417 401
81424 514
81439 383
81458 939
81479 734
81513 159
81515 275
81516 323
81520 5
81527 714
81534 540
81536 110
81539 539
81562 163
81577 689
81582 468
81603 90
81604 519
81619 87
81627 112
81634 492
81653 436
81658 993
81676 937
81685 742
81690 527
81698 92
81721 863
81728 248
81736 290
81740 498
81765 702
81773 732
81790 117
81795 239
81801 81
81815 886
81826 933
81859 603
81881 5
81889 698
81914 963
81915 361
81925 314
81928 887
81932 932
81945 460
81949 543
81966 205
81976 297
81982 638
81993 957
82002 83
82017 846
82032 397
82034 282
82052 260
82058 708
82067 573
82069 996
82088 173
82089 645
82096 417
82126 625
82142 246
82158 85
82179 767
82218 707
82219 617
82224 888
82230 967
82257 366
82267 253
82270 127
82271 796
82281 397
82283 56
82303 337
82321 36
82345 763
82346 543
82356 845
82363 1
82368 462
82383 579
82395 252
82412 438
82427 688
82442 172
82453 501
82480 179
82494 432
82507 926
82508 539
82517 348
82522 731
82537 658
82542 361
82555 854
82556 811
82557 241
82567 699
82573 47
82580 110
82593 266
82609 560
82610 448
82613 603
82621 891
82623 589
82640 674
82649 46
82657 658
82669 593
82679 502
82680 957
82681 250
82687 357
82688 615
82703 604
82713 111
82719 202
82734 141
82737 936
82756 435
82758 821
82764 226
82788 261
82821 96
82822 473
82838 739
82840 303
82867 194
82871 998
82876 626
82879 868
82882 43
82885 433
82893 601
82895 881
82904 396
82915 778
82923 489
82932 155
82935 765
82938 546
82957 220
82981 353
82986 880
82992 654
82994 371
83001 94
83021 961
83025 217
83055 584
83070 124
83084 764
83087 796
83092 376
83096 1000
83101 667
83110 436
83130 142
83134 757
83138 770
83150 724
83157 617
83165 381
83180 766
83194 68
83203 182
83207 739
83215 423
83227 742
83229 289
83232 181
83233 732
83247 289
83261 651
83265 762
83277 614
83289 83
83291 198
83292 248
83293 678
83305 797
83308 203
83355 731
83363 502
83396 915
83423 764
83428 559
83431 623
83437 981
83443 557
83444 767
83445 31
83473 438
83480 472
83483 469
83484 76
83493 269
83505 754
83539 233
83546 958
83553 972
83562 505
83566 938
83573 847
83578 235
83589 838
83594 246
83639 233
83672 781
83685 702
83705 730
83713 907
83731 934
83732 564
83746 685
83756 355
83773 669
83775 622
83791 569
83796 486
83812 270
83816 964
83823 332
83827 959
83840 460
83848 172
83874 909
83876 637
83886 231
83907 274
83909 361
83913 422
83933 518
83940 337
83950 772
83970 502
83979 996
83985 623
83992 264
84006 784
84009 538
84019 428
84062 440
84081 244
84103 989
84115 154
84125 161
84127 435
84137 985
84141 921
84178 785
84186 899
84197 928
84210 849
84219 56
84231 14
84258 628
84260 393
84271 825
84273 789
84301 352
84315 535
84318 826
84320 971
84339 459
84358 930
84366 355
84368 692
84383 18
84386 117
84398 200
84400 440
84401 932
84411 293
84412 731
84426 30
84428 314
84429 927
84448 114
84459 651
84473 890
84480 487
84488 678
84493 419
84501 350
84532 621
84541 453
84550 602
84558 426
84587 612
84594 486
84595 372
84617 156
84631 477
84661 667
84662 955
84667 155
84683 345
84685 363
84704 92
84705 686
84715 132
84728 667
84730 669
84736 243
84740 825
84767 794
84778 326
84779 289
84782 59
84791 728
84810 274
84815 891
84829 355
84833 807
84837 642
84838 78
84840 851
84862 707
84866 651
84875 183
84876 388
84878 747
84888 547
84910 128
84911 708
84912 748
84920 310
84924 468
84925 779
84937 795
84959 276
84979 154
84984 608
84991 920
85017 578
85037 960
85052 899
85056 465
85057 25
85059 100
85061 212
85067 821
85070 815
85074 207
85109 751
85111 710
85113 384
85126 993
85128 644
85132 662
85139 132
85140 317
85143 226
85164 862
85167 744
85173 138
85184 168
85189 212
85191 211
85193 221
85209 793
85215 809
85218 654
85224 3
85227 192
85243 258
85245 504
85246 24
85253 376
85257 479
85270 759
85283 104
85288 925
85299 185
85303 847
85306 785
85310 505
85314 976
85331 56
85338 293
85346 108
85349 721
85356 745
85359 91
85386 974
85393 441
85394 884
85405 1
85433 114
85436 847
85437 769
85449 116
85450 457
85455 560
85460 704
85473 697
85474 58
85484 238
85514 763
85516 513
85545 939
85549 421
85559 725
85561 253
85568 927
85572 727
85583 995
85588 939
85591 116
85603 783
85607 1000
85615 649
85617 752
85631 50
85661 289
85665 837
85690 760
85696 768
85708 358
85717 549
85726 969
85728 84
85730 353
85739 193
85742 247
85747 798
85766 84
85774 400
85778 36
85779 227
85794 459
85806 230
85808 119
85809 54
85818 923
85820 695
85825 105
85854 545
85874 487
85876 671
85891 219
85904 354
85932 957
85934 825
85939 653
85947 303
85982 833
85989 435
86015 707
86016 940
86027 471
86033 892
86061 266
86062 751
86101 314
86104 555
86105 922
86106 475
86139 312
86155 368
86162 175
86166 693
86167 897
86177 623
86190 332
86193 771
86199 116
86206 388
86209 329
86222 785
86227 795
86229 107
86259 908
86270 477
86274 893
86293 491
86298 861
86304 392
86313 983
86328 657
86331 811
86343 526
86364 803
86389 780
86396 841
86404 124
86418 592
86429 825
86431 601
86460 710
86465 282
86490 560
86494 703
86495 953
86502 220
86506 221
86543 882
86546 810
86556 185
86562 259
86572 49
86574 928
86579 237
86582 509
86593 794
86607 600
86610 226
86632 796
86645 201
86649 423
86662 833
86664 702
86666 65
86668 735
86670 575
86697 122
86705 212
86714 719
86724 635
86727 370
86732 591
86749 21
86757 604
86760 776
86779 14
86786 941
86788 295
86794 346
86796 89
86812 818
86822 471
86824 430
86828 84
86830 697
86838 79
86841 851
86850 800
86853 659
86868 867
86889 759
86917 722
86921 687
86934 632
86936 280
86950 953
86955 625
86971 658
86973 881
86984 670
86999 886
87002 769
87003 925
87015 261
87024 349
87041 762
87044 19
87047 378
87063 737
87094 429
87111 988
87115 444
87119 26
87121 719
87133 721
87134 568
87141 673
87143 284
87160 450
87168 576
87174 141
87181 944
87187 315
87208 50
87210 75
87231 566
87233 477
87235 596
87257 436
87259 215
87267 452
87289 801
87292 817
87297 192
87303 700
87305 328
87319 234
87358 431
87361 116
87393 929
87408 304
87412 789
87414 182
87448 241
87463 721
87493 351
87502 589
87531 566
87545 375
87546 632
87551 893
87554 695
87577 500
87590 374
87596 8
87600 672
87612 470
87618 805
87627 778
87630 301
87640 949
87651 584
87669 617
87677 441
87678 163
87683 699
87698 455
87704 490
87708 269
87720 877
87732 96
87751 841
87756 909
87772 324
87787 148
87800 471
87810 956
87813 47
87814 562
87825 312
87845 9
87848 192
87877 426
87879 67
87881 925
87882 246
87885 515
87887 975
87888 595
87897 514
87898 575
87905 635
87974 435
87977 870
87989 875
87999 136
88006 317
88014 740
88030 22
88032 718
88039 73
88046 1
88047 106
88050 539
88052 792
88058 179
88090 742
88096 321
88104 368
88110 414
88121 680
88137 830
88139 422
88140 464
88156 614
88166 961
88188 292
88192 145
88195 934
88206 470
88210 690
88211 52
88227 451
88232 8
88241 38
88242 374
88259 650
88283 578
88303 478
88329 24
88340 888
88342 438
88364 245
88367 397
88372 824
88379 774
88412 636
88423 522
88449 982
88473 395
88492 979
88508 966
88518 522
88522 589
88528 0
88531 356
88532 554
88546 264
88547 308
88554 647
88556 935
88561 267
88569 905
88587 323
88591 216
88598 480
88602 947
88606 959
88609 267
88610 818
88642 340
88664 86
88674 11
88686 965
88703 402
88714 162
88715 282
88740 790
88741 436
88742 186
88744 348
88771 228
88774 552
88800 15
88820 993
88821 685
88834 315
88846 134
88857 990
88873 185
88905 137
88932 279
88933 376
88936 963
88943 45
88944 863
88952 942
88958 272
88959 295
88963 489
88982 128
88987 384
88989 642
88990 136
88992 488
88996 866
89006 160
89015 965
89033 380
89043 497
89044 647
89046 436
89062 909
89083 783
89092 615
89107 431
89111 83
89115 13
89125 953
89135 268
89145 125
89155 14
89169 413
89189 303
89201 858
89206 196
89228 939
89239 313
89240 630
89268 185
89280 731
89283 375
89285 912
89292 112
89294 936
89327 304
89331 591
89347 771
89364 3
89365 630
89368 915
89370 704
89376 321
89392 273
89394 142
89409 982
89426 890
89429 335
89436 404
89465 162
89467 14
89471 112
89472 743
89476 763
89495 898
89502 902
89508 981
89524 935
89533 226
89534 663
89536 179
89549 601
89561 484
89578 962
89592 720
89627 50
89636 817
89641 96
89673 318
89685 289
89688 875
89698 14
89712 186
89715 987
89722 510
89726 154
89750 707
89754 480
89759 434
89788 639
89794 874
89806 399
89808 543
89809 939
89820 923
89831 900
89832 78
89864 779
89866 221
89878 181
89879 848
89907 65
89920 744
89927 202
89945 155
89951 417
89952 343
89953 363
89954 710
89955 426
89961 202
89964 803
89983 22
89990 870
90001 988
90014 922
90063 789
90073 862
90093 129
90138 311
90142 668
90168 271
90181 4
90192 165
90194 840
90195 123
90202 529
90210 377
90214 720
90215 616
90221 201
90229 186
90253 350
90272 110
90301 35
90314 748
90316 384
90346 106
90372 921
90399 366
90414 83
90416 57
90427 526
90442 901
90477 919
90496 351
90497 917
90512 795
90524 513
90566 44
90567 722
90570 666
90576 155
90579 612
90581 346
90593 745
90598 454
90607 329
90611 678
90612 514
90647 96
90680 568
90683 290
90693 431
90697 836
90716 763
90718 338
90728 835
90732 294
90739 589
90741 785
90742 873
90747 357
90750 89
90764 551
90789 306
90809 132
90842 544
90851 155
90853 939
90857 513
90860 784
90861 103
90863 139
90885 572
90893 422
90897 620
90904 529
90910 991
90920 230
90927 603
90946 222
90955 97
90958 246
90968 718
90980 327
90987 761
90991 665
90995 661
91004 866
91019 561
91035 891
91041 384
91045 948
91052 602
91056 1
91078 831
91095 46
91098 42
91114 353
91119 500
91131 613
91139 822
91141 89
91153 253
91154 906
91158 773
91175 955
91192 913
91193 401
91201 437
91246 175
91250 727
91262 553
91263 445
91284 887
91286 989
91295 30
91297 376
91298 890
91300 826
91303 451
91309 364
91346 788
91366 503
91394 13
91411 725
91412 387
91424 273
91426 408
91433 243
91458 612
91463 116
91485 392
91488 787
91500 916
91501 678
91502 114
91513 666
91529 116
91541 654
91547 725
91552 603
91575 303
91579 729
91584 450
91595 925
91608 444
91609 658
91616 469
91624 704
91626 469
91639 389
91659 617
91666 249
91674 961
91704 964
91706 761
91707 156
91712 914
91713 777
91731 499
91733 12
91750 554
91756 570
91768 54
91769 126
91777 673
91793 377
91798 673
91801 539
91803 909
91806 981
91837 869
91845 686
91850 508
91852 123
91855 755
91866 573
91871 437
91877 194
91881 827
91887 3
91927 926
91938 808
91945 460
91946 625
91950 353
91954 452
91960 968
91965 60
91975 957
91986 843
91987 677
91990 640
91993 688
92005 640
92008 912
92020 675
92029 547
92034 781
92041 431
92054 861
92091 817
92096 242
92104 59
92151 800
92158 749
92164 343
92173 874
92180 714
92188 689
92202 567
92205 917
92206 735
92210 904
92211 657
92215 286
92220 765
92247 81
92262 344
92272 966
92285 962
92289 987
92306 78
92309 616
92311 563
92314 184
92336 43
92340 611
92361 234
92362 212
92372 862
92379 401
92387 558
92396 577
92422 378
92426 753
92442 581
92463 660
92467 454
92476 773
92478 800
92483 269
92484 635
92488 880
92492 934
92496 471
92497 589
92500 110
92502 772
92503 862
92511 233
92520 155
92539 333
92540 617
92542 130
92549 709
92554 738
92557 81
92559 679
92564 384
92578 140
92582 598
92606 823
92610 219
92611 455
92620 872
92623 406
92630 612
92656 925
92679 460
92695 849
92702 708
92706 82
92723 307
92777 755
92778 64
92803 946
92826 928
92841 974
92846 72
92850 560
92852 120
92856 915
92870 842
92882 553
92889 938
92893 483
92897 70
92912 109
92913 468
92942 11
92955 745
92958 140
92977 241
93000 764
93001 810
93015 389
93034 390
93038 99
93044 774
93065 479
93087 618
93092 396
93096 863
93098 674
93099 219
93111 258
93112 684
93114 404
93117 51
93119 495
93121 673
93146 516
93178 985
93181 117
93195 172
93201 194
93205 866
93221 297
93222 259
93228 103
93231 965
93251 84
93258 214
93267 945
93320 345
93327 632
93333 280
93350 409
93356 181
93361 152
93375 440
93387 192
93395 434
93421 58
93425 501
93426 515
93434 318
93441 694
93446 941
93451 868
93452 664
93456 942
93485 120
93493 350
93497 581
93500 288
93505 261
93506 160
93510 876
93512 192
93517 171
93547 606
93548 745
93551 640
93572 254
93616 937
93642 699
93664 735
93667 633
93671 569
93678 417
93682 125
93689 718
93695 368
93707 639
93733 144
93735 38
93745 42
93755 43
93780 595
93781 110
93785 747
93801 520
93802 794
93805 138
93850 381
93857 986
93872 626
93877 298
93879 314
93883 551
93884 33
93899 654
93903 135
93916 429
93918 100
93919 595
93924 831
93943 875
93969 289
93980 794
93988 558
93991 843
94003 608
94013 95
94015 291
94047 81
94049 908
94056 626
94067 967
94072 504
94092 172
94097 880
94098 173
94121 409
94125 788
94130 194
94133 334
94134 218
94144 486
94154 603
94170 479
94173 932
94174 719
94195 710
94224 367
94242 27
94257 783
94275 833
94280 890
94330 478
94338 367
94345 604
94382 34
94404 558
94408 450
94409 448
94418 137
94426 959
94427 257
94431 129
94432 928
94434 881
94439 288
94440 50
94478 587
94489 469
94494 470
94512 917
94515 33
94531 143
94535 786
94539 737
94545 33
94572 724
94579 55
94582 696
94586 289
94587 75
94592 52
94595 943
94598 540
94601 728
94605 3
94608 160
94645 494
94658 851
94667 640
94693 342
94700 580
94704 327
94713 287
94743 348
94746 262
94769 227
94776 247
94781 932
94801 368
94815 586
94821 464
94833 982
94840 891
94847 406
94870 33
94892 980
94894 782
94909 12
94910 289
94926 475
94943 511
94955 812
94959 207
94973 512
94982 688
94984 26
94989 192
95005 583
95032 564
95046 525
95047 418
95051 235
95059 456
95075 418
95091 637
95097 241
95125 869
95141 864
95142 798
95159 794
95164 170
95165 472
95191 896
95193 945
95195 275
95216 608
95219 114
95220 228
95257 110
95265 653
95267 348
95272 867
95276 347
95305 968
95307 1
95315 766
95316 579
95323 509
95332 283
95339 239
95361 224
95363 496
95364 138
95369 316
95371 941
95382 969
95383 130
95388 223
95402 757
95405 405
95412 460
95419 323
95447 950
95449 541
95453 571
95455 708
95457 516
95460 52
95487 248
95495 131
95496 828
95499 734
95503 83
95507 871
95536 661
95541 403
95550 159
95568 340
95570 883
95573 359
95584 96
95585 148
95589 265
95617 527
95630 148
95636 798
95639 188
95651 998
95680 138
95692 640
95700 483
95705 750
95712 213
95716 716
95718 276
95736 737
95738 218
95743 499
95752 379
95757 596
95760 679
95779 275
95790 850
95791 534
95798 70
95825 978
95828 925
95832 661
95834 289
95838 921
95839 979
95841 695
95851 116
95864 513
95874 58
95888 600
95919 645
95926 979
95946 489
95950 890
95957 182
95994 671
95995 880
96009 921
96016 258
96060 561
96062 265
96085 241
96091 612
96095 8
96099 124
96111 619
96125 408
96151 177
96213 491
96223 454
96224 440
96233 116
96241 880
96248 277
96272 652
96283 472
96303 502
96304 27
96310 710
96314 39
96316 527
96323 649
96327 849
96335 530
96341 126
96343 956
96345 800
96364 43
96374 533
96380 982
96383 650
96389 319
96395 889
96400 516
96416 167
96430 918
96436 756
96437 971
96439 764
96458 593
96460 372
96479 331
96490 149
96495 796
96496 868
96509 62
96513 208
96515 85
96526 532
96532 917
96543 441
96546 976
96548 895
96558 550
96561 587
96562 516
96574 134
96575 925
96585 339
96588 911
96611 92
96614 544
96617 667
96622 84
96633 791
96634 640
96642 220
96652 284
96655 889
96657 236
96661 705
96662 876
96668 876
96671 620
96683 268
96688 241
96690 721
96712 952
96743 37
96756 673
96758 709
96760 38
96779 525
96783 823
96794 133
96805 569
96814 351
96815 806
96830 362
96877 558
96879 750
96900 265
96904 456
96914 238
96931 937
96940 590
96945 215
96954 192
96961 696
96994 1000
96996 684
96999 678
97005 146
97009 692
97024 476
97025 631
97028 41
97055 427
97068 475
97076 699
97093 943
97109 701
97121 927
97126 88
97135 536
97136 79
97142 573
97153 366
97169 824
97208 748
97209 353
97219 728
97221 900
97224 221
97236 925
97249 825
97250 129
97275 641
97315 651
97320 930
97322 532
97336 215
97352 52
97363 7
97364 826
97370 103
97376 188
97382 26
97404 136
97415 563
97433 713
97442 31
97467 756
97481 802
97486 778
97505 267
97526 794
97528 713
97539 201
97541 647
97577 228
97579 539
97588 738
97620 531
97621 606
97623 711
97643 443
97645 119
97650 842
97658 963
97668 159
97673 565
97686 120
97701 793
97707 908
97709 388
97720 557
97723 937
97733 686
97737 983
97756 243
97757 966
97771 777
97781 575
97827 269
97829 493
97831 938
97833 646
97836 881
97849 340
97855 87
97856 412
97872 858
97874 996
97886 728
97897 905
97901 528
97905 760
97923 26
97932 367
97947 295
97974 22
97984 272
98011 751
98012 494
98013 298
98014 527
98017 477
98028 920
98034 408
98035 130
98037 772
98042 740
98050 777
98051 306
98084 26
98094 472
98121 456
98126 95
98127 855
98134 20
98152 640
98160 271
98161 580
98196 486
98197 219
98210 89
98217 330
98218 869
98228 467
98233 278
98261 89
98265 831
98276 975
98280 92
98286 879
98290 80
98295 225
98299 5
98314 19
98331 716
98341 883
98345 442
98364 842
98383 776
98389 2
98397 783
98399 100
98404 456
98408 144
98415 436
98419 171
98420 304
98464 152
98468 748
98487 12
98499 210
98504 788
98505 947
98530 527
98531 222
98537 115
98538 330
98584 849
98599 660
98624 378
98628 929
98648 191
98652 703
98669 616
98681 164
98725 822
98726 395
98728 94
98742 460
98748 188
98757 230
98773 241
98782 543
98783 731
98788 820
98793 139
98795 264
98796 6
98803 245
98847 206
98849 347
98860 399
98863 633
98880 46
98886 943
98897 162
98898 458
98910 473
98928 86
98949 540
98966 272
98979 69
99000 316
99010 692
99015 9
99026 233
99045 971
99067 548
99070 94
99085 66
99088 187
99091 804
99094 741
99095 393
99120 405
99122 540
99131 42
99133 648
99137 762
99138 735
99148 574
99152 323
99171 330
99204 44
99205 785
99209 378
99213 514
99221 35
99222 820
99225 463
99242 306
99246 80
99261 960
99281 961
99287 111
99289 517
99315 60
99348 722
99357 599
99361 927
99366 317
99375 340
99383 40
99384 113
99389 94
99398 855
99399 175
99410 917
99427 941
99428 670
99440 301
99444 33
99453 606
99458 875
99461 671
99468 930
99478 227
99487 456
99504 232
99511 809
99515 137
99530 340
99535 94
99540 828
99562 892
99572 665
99576 881
99590 509
99596 356
99598 393
99604 353
99606 591
99610 895
99613 298
99639 733
99646 639
99661 999
99672 711
99693 570
99695 690
99707 116
99711 71
99713 930
99714 720
99723 706
99724 563
99725 991
99726 149
99753 282
99779 357
99782 138
99786 450
99808 992
99814 656
99841 166
99851 689
99871 117
99872 990
99879 749
99882 118
99912 529
99913 459
99922 632
99924 914
99939 887
99963 890
99967 685
99971 508
99972 844
99994 842
