143 680 1 3041
18 17
21 583
23 508
24 68
42 297
45 486
46 566
49 520
59 598
64 449
73 559
75 245
76 155
92 341
97 158
105 522
109 295
123 384
129 245
131 155
139 464
147 492
154 533
160 265
164 438
170 561
173 429
174 578
178 627
189 555
191 111
195 319
199 242
201 211
210 157
214 633
221 480
222 174
223 106
246 499
255 516
256 68
271 658
278 354
284 166
289 459
294 538
295 640
322 472
332 158
339 245
348 323
364 528
366 571
369 515
371 674
394 424
407 482
421 513
429 334
432 234
434 96
442 208
443 181
456 399
460 509
466 161
480 278
481 522
482 77
486 169
510 79
514 415
517 307
523 194
528 520
530 72
536 448
537 175
538 359
553 499
564 637
578 88
582 42
583 153
595 675
605 310
612 533
613 468
617 113
619 76
620 625
623 236
647 416
648 48
649 609
658 467
669 632
671 149
677 563
687 247
692 521
695 491
705 264
717 162
719 227
727 554
734 380
738 85
742 151
746 454
755 404
767 284
778 387
779 61
780 145
786 35
803 372
815 510
820 17
822 494
837 487
844 438
853 471
867 194
884 72
885 135
887 356
899 415
902 295
906 370
908 45
931 550
932 107
936 584
942 405
956 77
962 577
963 421
972 330
981 287
984 356
997 175
