336 47468 10000 507
37 9643
443 7921
734 5315
1048 6306
1185 4000
1968 5472
2016 9799
2139 5972
2190 6781
2281 9340
2299 4103
3264 7614
3378 8903
3409 5506
3749 2132
3858 8604
4166 2008
4406 6067
4530 4230
4619 7881
5204 6196
5696 4302
5943 1884
6079 2174
6205 3581
6483 8712
7730 5328
8761 8760
8841 7479
9295 9818
9634 9231
10270 9384
10767 8189
12052 3455
12171 7173
13018 2563
13258 9560
13443 6575
13628 1634
13953 9472
14268 681
15719 9636
15723 3064
15727 2740
16168 7215
16857 7782
16864 3054
16967 2934
17098 1486
17355 7954
17489 3252
17714 3535
17905 2307
18479 9860
18625 4676
18879 9585
18918 6806
19300 5943
19819 1829
20032 53
20437 3815
20945 8928
21299 4832
21552 7097
21785 4672
22167 7527
22617 344
22700 1896
23128 7440
23182 5166
23310 4731
23376 4567
23783 7189
24022 2448
24590 3722
24672 7651
25231 6907
25255 9971
25256 5516
25661 7972
25726 8099
25895 8191
25979 943
26221 334
26243 2609
26386 6787
26659 5713
26934 3682
27152 6387
27269 1106
27316 6577
27416 9414
27678 6752
27687 6884
27945 7158
29067 5603
29242 8056
29289 5699
30558 1331
31147 11
31203 5942
31674 9182
31860 5953
32026 7837
32340 4802
32869 2877
32995 9023
33010 4734
33164 1384
33329 4686
33901 2539
34062 6691
34176 1707
34255 3345
34405 3120
34664 5894
34761 9407
34937 1489
34956 9412
35090 9632
35737 5626
35764 2202
35827 63
36346 2843
36594 2576
36693 2098
36732 3548
36797 9356
36890 4438
37464 9000
37943 6128
38360 1668
38569 1526
38599 9297
38882 1410
38959 9783
39790 82
40065 1991
40521 2081
40560 2903
40638 8943
40656 8317
40860 1530
41540 7030
43059 9381
43219 6699
44134 1050
44195 8419
44279 8157
44624 9665
44837 8275
44940 9734
45037 9639
45083 4840
45526 4236
45591 8142
45644 3382
45759 2426
46053 4369
46086 4837
46211 1517
47149 8030
47155 291
47403 9728
48313 6340
48518 4528
48527 587
48687 6401
49276 4859
49661 1562
49766 2851
49904 8397
49907 9720
50253 9075
50427 2330
50696 4574
51090 1055
51740 8961
51896 3336
51962 6884
52403 6981
52588 4983
52727 5839
53156 6902
53213 100
53279 5318
53383 1461
53451 2878
53684 6789
53965 2451
54114 1998
54782 5244
55228 8979
56650 9338
57041 3103
57646 8639
57746 2945
57826 4537
58022 4388
58396 1580
58453 282
58661 3668
59138 3950
59250 56
59357 212
59463 6753
59662 1864
59759 3914
59812 1182
60167 2324
60780 5330
60993 7531
61485 4261
61841 4474
62680 4419
62778 8776
63291 8755
64126 4743
64739 2987
65412 9584
65419 8012
65797 4581
66055 6965
66651 4769
66719 5
67066 5100
67144 8306
67162 9624
67196 6681
67412 4767
67715 630
67835 486
67884 4682
68056 5643
68224 2575
68286 5918
69315 3715
69379 3845
69438 5758
69838 9731
70057 4635
70148 603
70309 7280
70493 698
71516 818
71701 8492
71713 4279
71909 1089
72431 3994
72833 3240
72935 594
73151 5695
73247 2414
74020 1877
74247 459
74464 6504
74476 1932
75534 856
75720 7954
75891 3273
76753 9016
77193 7474
77839 9117
77850 810
77855 8485
78124 1542
78334 2950
78386 1049
78966 7390
79305 1625
79377 1021
79736 1478
79766 3992
80016 4257
81408 6430
81770 5091
81961 2389
82362 7730
82975 1203
83224 8854
84286 1942
84315 7873
84458 4545
85265 1738
85585 7785
85886 405
86623 9216
86709 2080
87118 6776
87168 8445
87529 3049
87881 8732
87938 5417
88118 9785
88335 2812
89104 8645
89183 4822
89226 8177
89374 9749
89490 3363
89559 6082
89612 7540
89983 9191
90748 7004
91024 4934
91268 3284
91309 8835
91438 3084
91766 4623
91882 2083
92010 261
92329 7252
92525 8528
92540 4427
92542 6223
92940 1419
93026 3207
93065 775
93497 170
93505 9002
94028 2510
94596 3683
94802 4715
95673 9710
95824 1782
96254 73
96799 9854
97349 9186
97416 6531
97718 7948
97772 9297
98454 1415
98878 4482
98910 7073
98946 140
98956 8601
